%basis
  NewGTO H
   S    5
    1     30.18705336160000    0.01661821241313
    2      4.48418371990000    0.12135209876469
    3      1.01714989780000    0.47590854379373
    4      0.29250639610000    0.70953833223582
    5      0.08551656940000    0.17050689272963
   P    1
    1      0.82310534130000    1.00000000000000
  end
  NewGTO He
   S    5
    1     37.40779025503800    0.03311061995976
    2      5.63109749115700    0.21551634040279
    3      0.28926061002900    0.66517678218336
    4      0.23905477327800   -0.30632828705088
    5      1.17939866878700    0.65994428620595
   P    1
    1      0.25331981589700    1.00000000000000
  end
  NewGTO Li
   S    4
    1      0.48361155963800   -0.43437657104774
    2      0.22787884224400    0.26088808559141
    3      0.07190981142800    0.48977067715199
    4      0.02983585190500    0.18867680294711
   P    3
    1      0.97898303723600    0.09951076382057
    2      0.22002449807200    0.42822437934770
    3      0.06799487303100    0.36894454310745
   D    1
    1      0.24616294826400    1.00000000000000
  end
  NewGTO Be
   S    4
    1      1.17203266060400   -0.22956684928645
    2      0.25533296261400    0.06678705578876
    3      0.17769493549300    0.73502175778214
    4      0.05154618710400    0.25477679152507
   P    3
    1      1.55258719455300    0.13091194706549
    2      0.32950054874300    0.54249770801735
    3      0.07312083655200    0.39239008436732
   D    1
    1      0.39090729453600    1.00000000000000
  end
  NewGTO B
   S    4
    1      1.71509936701400   -0.31276333464856
    2      0.76679644912200    0.26352914950443
    3      0.24670761105800    0.68398146310876
    4      0.08026907292000    0.23055763919217
   P    4
    1      4.13545466954900    0.07040329694830
    2      0.97017586823200    0.32825730284495
    3      0.30895226996700    0.60461343156163
    4      0.08929744352200    0.29135005778267
   D    2
    1      0.68755446390400    0.46489944524993
    2      0.16979230111800    0.54294717084915
  end
  NewGTO C
   S    4
    1      2.40320654277600   -0.35959958687785
    2      1.45176765004200    0.26863310322237
    3      0.43462317124400    0.62775693870216
    4      0.13451740191300    0.23464363680437
   P    4
    1      8.46253413306200    0.04839889882919
    2      2.13258157915800    0.23601082852379
    3      0.61890075900700    0.59690367791111
    4      0.16784889734000    0.42824578121839
   D    2
    1      0.96395980213900    0.30525954679457
    2      0.20701549333700    0.55098469137475
  end
  NewGTO N
   S    4
    1      3.03670190933000   -0.32545056561046
    2      1.61131926531100    0.36641169507678
    3      0.44894499301700    0.77553694207895
    4      0.12478791183500    0.29760091297045
   P    4
    1     10.42626604617200    0.07589252219647
    2      2.49828708958400    0.35510354004510
    3      0.69844181628200    0.73070869676943
    4      0.18181728820200    0.49321869823509
   D    2
    1      1.06648962290300    0.53980809671718
    2      0.25030234656600    0.92464815892628
  end
  NewGTO O
   S    4
    1      3.78348420838700   -0.37811873123766
    2      2.31402713501600    0.42164721234638
    3      0.58805172033500    0.75598466948406
    4      0.17283201396700    0.30473227918934
   P    4
    1     14.85433357685200    0.07640668475345
    2      3.47195983115400    0.35802577788272
    3      0.95215487563500    0.72325898726327
    4      0.24996911288300    0.58631364866882
   D    2
    1      1.32335920862200    0.57408094209085
    2      0.38496189320800    0.84399241808533
  end
  NewGTO F
   S    4
    1      7.94240415126800   -0.22937112816983
    2      1.71324710688700    0.44599840124274
    3      0.62495210863000    0.79362294732361
    4      0.21380764397500    0.29100835718932
   P    4
    1     22.56628209862600    0.07150567139409
    2      5.05484223728500    0.32977669262800
    3      1.37914805176400    0.69148013772651
    4      0.34875562010000    0.66595009988633
   D    2
    1      2.28995251182200    0.24313258428921
    2      0.60234859422000    0.99322757041966
  end
  NewGTO Ne
   S    4
    1     10.24158303860000   -0.19865898571803
    2      1.97038869960000    0.51795341493972
    3      0.73027960280000    0.79102720811098
    4      0.27774125010000    0.23130178841179
   P    4
    1     27.55497952800000    0.06869692721777
    2      6.59269033650000    0.32041174114539
    3      1.83156591400000    0.67028302062885
    4      0.48516369860000    0.62765805698226
   D    2
    1      1.96671663580000    0.20525624161546
    2      0.42852455660000    0.97286237712534
  end
  NewGTO Na
   S    4
    1      1.98684467681900    0.02293669921985
    2      0.56002595718700   -0.25550710007991
    3      0.07096161153800    0.41767764512134
    4      0.02703514417300    0.15889228857469
   P    3
    1      0.52610609831800   -0.06011476813164
    2      0.10042959261800    0.31376726924604
    3      0.02623237668400    0.17768286531064
   D    1
    1      0.26873232032500    1.00000000000000
  end
  NewGTO Mg
   S    4
    1      1.87884700987800    0.04149746965652
    2      0.78440649138700   -0.29566734260630
    3      0.12817684456800    0.58545529854893
    4      0.04677754710300    0.23866724593392
   P    3
    1      0.81040644167000   -0.09860484934997
    2      0.16787941749700    0.70475852273832
    3      0.04982640975800    0.27506178120270
   D    1
    1      0.27101051127900    1.00000000000000
  end
  NewGTO Al
   S    4
    1      3.24274330305200    0.04289602715010
    2      1.09014778262100   -0.32171776668304
    3      0.18375527211100    0.69493794413112
    4      0.06414251530100    0.27618968354949
   P    4
    1      1.00282733623400   -0.10768423790002
    2      0.34560823013900    0.35891893109671
    3      0.13786965118800    0.58542423298434
    4      0.05238240110700    0.18056986699158
   D    2
    1      0.55769640398900    0.28484843115296
    2      0.15601364385500    0.50064510416626
  end
  NewGTO Si
   S    4
    1      4.00157059889100    0.04129290047501
    2      1.38545841757900   -0.29639288029280
    3      0.25620135188200    0.61054079964787
    4      0.08092749803100    0.30338200300810
   P    4
    1      1.20016047711600   -0.11527675141776
    2      0.50168629602200    0.36091562982654
    3      0.19220364183300    0.65484824022846
    4      0.07067758411600    0.22051355834863
   D    2
    1      1.08510544612000    0.28363593323068
    2      0.29304361827100    0.77293100699401
  end
  NewGTO P
   S    4
    1      6.74551709869800    0.03099760138167
    2      1.61436389455300   -0.28156396481779
    3      0.30687051544300    0.74720901251549
    4      0.09842968887200    0.38401061067605
   P    4
    1      1.42619129748600   -0.06579134063476
    2      0.52350586352800    0.54237254913628
    3      0.20137523663800    0.79705008950269
    4      0.07003444684600    0.21049267772469
   D    2
    1      1.60982670874300    0.29238546129253
    2      0.36403656945500    1.13926103169770
  end
  NewGTO S
   S    4
    1      6.34139517876700    0.04975232919576
    2      2.13765274768900   -0.32088046124323
    3      0.38450263105800    0.75803221816577
    4      0.13488313715700    0.41359789661841
   P    4
    1      2.04175367958300   -0.08281109121197
    2      0.73445782806000    0.43052135922616
    3      0.27667094484700    0.76911282192006
    4      0.10042236281600    0.32667979120225
   D    2
    1      1.55324150273000    0.27241276418929
    2      0.35754397952600    0.96036886693066
  end
  NewGTO Cl
   S    4
    1     14.40883400709400    0.02110957922831
    2      2.30032418378900   -0.32740234705088
    3      0.50976906060700    0.77836771067192
    4      0.17868868769300    0.52658916185412
   P    4
    1      3.21332748518100   -0.07043818350034
    2      0.84978864398100    0.49479057298280
    3      0.32421854137000    0.76365881107297
    4      0.11963459253400    0.35777446235991
   D    2
    1      2.09838953265000    0.29899891518234
    2      0.48137579486500    1.03831027599744
  end
  NewGTO Ar
   S    4
    1     12.96645673966000    0.02084273979720
    2      2.94986559916000   -0.33879734420414
    3      0.59803504356800    0.78232442871573
    4      0.22163662778700    0.50193320426756
   P    4
    1      3.33927182730800   -0.06832336226965
    2      1.06878827152100    0.49175627997570
    3      0.39496857079000    0.78250161257772
    4      0.14045885606100    0.30099982995715
   D    2
    1      1.77344064057300    0.31829312778559
    2      0.37242813441100    0.93184977230693
  end
  NewGTO K
   S    4
    1      0.81088782555400    0.06946493527461
    2      0.32252525948000   -0.35505409585069
    3      0.04293339114400    0.41125207492633
    4      0.02035362177300    0.12741888205310
   P    3
    1      0.18709581206300   -0.23812933761604
    2      0.10439820606000    0.20640740850265
    3      0.02481763880700    0.23083879806780
   D    1
    1      0.37902102071800    1.00000000000000
  end
  NewGTO Ca
   S    4
    1      0.71950238444800    0.26173254886561
    2      0.51917552975700   -0.48749638261632
    3      0.05166977342100    0.85156301796123
    4      0.03680828822200   -0.32506922825490
   P    3
    1      0.36754439350400   -0.26491910491808
    2      0.08650506590000    0.73448362830438
    3      0.02608301149400    0.10689128720988
   D    1
    1      0.42466023792400    1.00000000000000
  end
  NewGTO Sc
   S    4
    1      0.38236052396100   -0.46063190329273
    2      0.09499797957100    0.66113362847940
    3      0.04359771098700    0.20504723566014
    4      0.00930143076900    0.00541244326109
   P    2
    1      0.44516694325900   -0.08391945651452
    2      0.08780151692400    0.29534392136145
   D    4
    1     10.47085739053800    0.07854012970988
    2      2.65640590777600    0.35237140356068
    3      0.71340092435900    0.68641731508440
    4      0.19972718821800    0.62566359934448
  end
  NewGTO Ti
   S    4
    1      0.40430905378500   -0.35121123885124
    2      0.27117497122900    0.00593450273764
    3      0.12492681369600    0.44791409594768
    4      0.04680742824300    0.21596909355235
   P    2
    1      0.61517844176300   -0.11852451225951
    2      0.10147440462500    0.67400779750382
   D    4
    1     12.57530190442100    0.07746924535214
    2      3.20813466913100    0.33247676253853
    3      0.93164366089300    0.59421031694884
    4      0.25528816752200    0.60144390542364
  end
  NewGTO V
   S    4
    1      0.43378056737700   -0.36405015649635
    2      0.21069579109300    0.02075968699678
    3      0.11683833271100    0.68932378034008
    4      0.03221311727900    0.05606831710572
   P    2
    1      0.67011785436100   -0.08540000296190
    2      0.06362126052100    0.24718766474718
   D    4
    1     16.08742757491900    0.08160744353843
    2      4.24991914130600    0.35171140884264
    3      1.29356752816400    0.65421558494853
    4      0.35575824010700    0.66252244221125
  end
  NewGTO Cr
   S    4
    1      0.22687200321600    0.13802413022847
    2      0.47603986337300   -0.35618960718871
    3      0.11063490731900    0.51417053193270
    4      0.03076718932700    0.01515458042984
   P    2
    1      0.11502163843000    0.23234293171971
    2      0.02079127595700   -0.01272669527754
   D    4
    1     17.93684127519200    0.08884497274070
    2      4.84975262774500    0.36735167962570
    3      1.53235045918600    0.66513434568506
    4      0.42910084181100    0.66438757207337
  end
  NewGTO Mn
   S    4
    1      0.55411624097100   -0.30106610758892
    2      0.30710313178400    0.00076725668324
    3      0.18434193422500    0.34127518160771
    4      0.05780109383700    0.11546917416712
   P    2
    1      0.99228461040700    0.23813077387142
    2      0.06322008974500    0.10956409068911
   D    4
    1     22.31498042780400    0.07972214788360
    2      5.93501781839700    0.36426822398439
    3      1.81968342852500    0.68929280137748
    4      0.50193505946500    0.66873766783711
  end
  NewGTO Fe
   S    4
    1      0.61974147558500   -0.37265083440233
    2      1.39958946833500    0.00483782194577
    3      0.06496499070900    0.53203899975565
    4      0.12122384776400    0.80067947764074
   P    2
    1      1.48349106691700   -0.06111042296238
    2      0.09532683707500    0.76660295969376
   D    4
    1     23.20796584738000    0.08535400624379
    2      6.23047257075500    0.37533851004344
    3      1.90491141272000    0.67330493217861
    4      0.51821354541000    0.62740867961125
  end
  NewGTO Co
   S    4
    1      0.71015092731800   -0.42237560457009
    2      0.31333284046000    0.00182233849378
    3      0.11701064516900    1.41010245647758
    4      0.02413749192300    0.15241518156382
   P    2
    1      0.12710440689200    0.40288973951377
    2      0.11058080870400    1.11734541665303
   D    4
    1     26.80162235327400    0.08555933847557
    2      7.13142844883200    0.38389691035527
    3      2.18412175125000    0.68762040865869
    4      0.59873899086600    0.62186828432314
  end
  NewGTO Ni
   S    4
    1      0.77940389179000   -0.23863080506300
    2      0.07182894837600    0.02300906879388
    3      0.09129586075100    1.01705062573660
    4      0.02192309924800    0.23787174482890
   P    2
    1      0.11484266675500    0.58454195390236
    2      0.05024378984100    0.51461555768988
   D    4
    1     27.13076665491100    0.09548147790286
    2      7.28762635414600    0.40890584165172
    3      2.18974628221800    0.69579366058855
    4      0.56927920517900    0.61890710379241
  end
  NewGTO Cu
   S    4
    1      0.78152062752800   -0.31990305896713
    2      0.25558771612400    0.01902946971161
    3      0.13562190706900    0.78063113464576
    4      0.04073422757800    0.36597828985721
   P    2
    1      1.11605022527600   -0.03310775688662
    2      0.12079321616500    0.55146959524510
   D    4
    1     31.14000297662000    0.08893274884378
    2      8.27690582141800    0.39284289315055
    3      2.48270029973900    0.67655357563073
    4      0.63995083746600    0.59596373389030
  end
  NewGTO Zn
   S    4
    1      1.81626185763200    0.18876114096233
    2      1.27608097319600   -0.36996306788924
    3      0.35762525964500    0.04042639172607
    4      0.10498386790600    0.75864202343399
   P    2
    1      1.45200485544700   -0.03578495882351
    2      0.13409209599900    0.56281646910058
   D    2
    1      0.17441759904500    1.05814110392343
    2      0.06610267064400    0.46373541580984
  end
  NewGTO Ga
   S    4
    1      0.86099157110000   -0.46481736649854
    2      0.16536886470000    0.26090333432083
    3      0.26277494750000    0.62721170089873
    4      0.07026447860000    0.29270374382761
   P    4
    1      1.06376223700000   -0.28258382709373
    2      0.71757370090000    0.27324125162575
    3      0.19405975800000    0.43037505245273
    4      0.07324203980000    0.23877614595546
   D    2
    1      0.34854325910000    0.37319687018672
    2      0.10333260860000    0.59693173533830
  end
  NewGTO Ge
   S    4
    1      0.95261885440000   -0.43723057629936
    2      0.28722143230000    0.79101060982739
    3      0.02327320836000    0.01641876483588
    4      0.07491950500000    0.42988865398970
   P    4
    1      1.24798813290000   -0.33054960462941
    2      0.78319148450000    0.31385407065623
    3      0.22136049920000    0.75282461114608
    4      0.07494850090000    0.35179589648472
   D    2
    1      0.38528533970000    0.47815081600851
    2      0.13081440970000    0.59589953138347
  end
  NewGTO As
   S    4
    1      1.35553691854400    0.12435225490921
    2      1.33922945562600    0.14134137329121
    3      0.23103630671700    0.05249682636604
    4      0.22276993355300   -0.98040905483080
   P    4
    1      1.43369998992200   -0.29668997992713
    2      0.67928521617900    0.40202148483104
    3      0.22070650145600    0.89464715944389
    4      0.07095926270800    0.32009278504330
   D    2
    1      0.29295143387600    1.15002849498410
    2      0.10248748845000    0.41171691782945
  end
  NewGTO Se
   S    4
    1      1.11069509115900   -0.56841158693830
    2      0.54051959498400    0.69624449643816
    3      0.18979956912000    0.39551325601974
    4      0.09386705781600    0.15159202619013
   P    4
    1      1.34404216424400   -0.41407606874842
    2      0.99704677340400    0.46892287508206
    3      0.28512184161900    0.69723198924009
    4      0.10098807309100    0.33102079981645
   D    2
    1      0.31875976462500    0.95726187214294
    2      0.12371274446000    0.22415335861215
  end
  NewGTO Br
   S    4
    1      4.07562880180300    0.17926833773759
    2      2.48283245599100   -0.45889629009994
    3      0.36728580590700    0.74989223168986
    4      0.12716094727300    0.28631937722841
   P    4
    1      1.86976331972400   -0.24934899676515
    2      0.93320853233100    0.34473766292977
    3      0.32524960523000    0.78318349415450
    4      0.11438215204100    0.45543063917021
   D    2
    1      0.44437610686000    0.77015026774812
    2      0.17214876517200    0.62251242364965
  end
  NewGTO Kr
   S    4
    1      1.55864414164200   -0.44346237737800
    2      0.52543016753600    0.80195148865264
    3      0.17476125558500    0.31390695858787
    4      0.08001558801400    0.03723346992544
   P    4
    1      2.36577964098000   -0.18065783930795
    2      0.75758684438600    0.49592019956872
    3      0.29765974415700    0.75783580802650
    4      0.11502784445600    0.26076001004830
   D    2
    1      0.53812114717200    0.52607097760605
    2      0.18949452209500    0.88106989354811
  end
  NewGTO Rb
   S    4
    1      0.54841350543600    0.26846220880064
    2      0.34301188403100   -0.55685483477795
    3      0.03577017893000    0.45931840564803
    4      0.01936433740100    0.12169026908754
   P    3
    1      0.17210093921200   -0.13213098352512
    2      0.08210458501400    0.12240628133671
    3      0.02220718198100    0.39627637654466
   D    1
    1      0.17920370051100    1.00000000000000
  end
  NewGTO Sr
   S    4
    1      0.64134141313700    0.25575788844685
    2      0.39564920636500   -0.58547804827295
    3      0.05462718790900    0.74896477720750
    4      0.02576372960100   -0.07132169883476
   P    3
    1      0.19905652931400   -0.36719635836442
    2      0.09876471520900    0.42428962726686
    3      0.02720585409300    0.20262567992693
   D    1
    1      0.28364096444700    1.00000000000000
  end
  NewGTO Y
   S    4
    1      0.22805754738500   -0.63543356592808
    2      0.13949852187800    0.60206421952295
    3      0.04578171983300    0.04789009217403
    4      0.03794894967900    0.03417077630720
   P    2
    1      0.33812460934700   -0.15680998974112
    2      0.07633054497300    0.28179714466841
   D    4
    1     10.70641511753400   -0.00642692784371
    2      1.02671777291700    0.29324949086253
    3      0.33961075831600    0.68571057870623
    4      0.11047801932600    0.39118936198163
  end
  NewGTO Zr
   S    4
    1      0.25407005125800   -0.50250223375265
    2      0.05287833080500    0.09758454963842
    3      0.14273034504100    0.54354490972199
    4      0.03726433725800    0.09594215316167
   P    2
    1      0.41142097954500   -0.07094609775250
    2      0.07742712368400    0.35470805951087
   D    4
    1      1.15763821568100   -0.01416308837656
    2      1.14350696795000    0.35972135275429
    3      0.39404450589200    0.69418352563940
    4      0.12722108722400    0.43035340581016
  end
  NewGTO Nb
   S    4
    1      0.32299942881000   -0.44539989085319
    2      0.03405450765900    0.10132749958975
    3      0.12523016084400    0.60537970971913
    4      0.04319310870900   -0.08819653648071
   P    2
    1      0.43611413616700   -0.09342265814437
    2      0.08832919339500    0.34652785405545
   D    4
    1     11.81901793391500   -0.01100763432367
    2      1.38110261527800    0.37060176110190
    3      0.49258394548300    0.75414703592750
    4      0.16185954042300    0.47831862523922
  end
  NewGTO Mo
   S    4
    1      0.35466819517500   -0.42668834140209
    2      0.11577062810600    0.78018610327740
    3      0.04285896531700   -0.01593728977834
    4      0.03234566301900   -0.02112899355832
   P    2
    1      0.50308070544200   -0.15170412820429
    2      0.10230104989300    0.45991518259824
   D    4
    1     14.20134407769400   -0.01075201868211
    2      1.59911228220900    0.37269290866921
    3      0.59273905234700    0.74986369299922
    4      0.19649656196700    0.53431388664107
  end
  NewGTO Tc
   S    4
    1      0.41182497921300   -0.43842756971104
    2      0.16965428233500    0.41031303693411
    3      0.83721183272700    0.02593221027473
    4      0.05683836788000    0.16197897380095
   P    2
    1      0.45753427114400   -0.19484929908547
    2      0.14379458718100    0.34589717025263
   D    4
    1     19.12373607861400   -0.00851376109983
    2      1.78983308840600    0.38674828837513
    3      0.67720504326000    0.76090906849084
    4      0.22522427543800    0.53031847510889
  end
  NewGTO Ru
   S    4
    1      0.47595294930300   -0.33934957579534
    2      0.09397456196400    0.85534657986028
    3      0.09080597587800    0.02522124575036
    4      0.03217308661400   -0.01941970796656
   P    2
    1      0.60161081207400   -0.14037910342359
    2      0.10827845401200    0.60375299623785
   D    4
    1     17.72407208806300   -0.01092428912590
    2      1.93196621620800    0.41134645083171
    3      0.72980229355600    0.75138597820166
    4      0.24031276810500    0.50092173308656
  end
  NewGTO Rh
   S    4
    1      0.46481988943900   -0.63788953130180
    2      0.16443377070400    0.82994072098276
    3      0.10090412916200    0.08420060961674
    4      0.04746371956500    0.16858061755537
   P    2
    1      0.60282370669600   -0.21216165284816
    2      0.10923800656300    1.01036569642650
   D    4
    1     23.13866178520800   -0.00796499197138
    2      2.27256621396100    0.31784123189484
    3      0.90138396142600    0.65756699478831
    4      0.29882416156900    0.48259564779386
  end
  NewGTO Pd
   S    4
    1      0.48273343565900   -0.39074417425750
    2      0.19922791984400    0.19298741029262
    3      0.08566571415700    0.87573211152332
    4      0.02372216733500    0.17743528028838
   P    2
    1      0.67511997992600   -0.12296656647251
    2      0.09068128788700    1.02635793804357
   D    4
    1     21.57097029288500   -0.01048711756422
    2      2.24580720592800    0.46378683449356
    3      0.83856697773300    0.77041254522945
    4      0.25725107405100    0.50370030712287
  end
  NewGTO Ag
   S    4
    1      0.52992836675400   -0.36704167351607
    2      0.13842256174200    0.63162717437147
    3      0.05283295112700    0.13366655805365
    4      0.04113475120300    0.12949569679917
   P    2
    1      0.78762491447800   -0.09372532029989
    2      0.10377810497000    0.65772953318345
   D    4
    1     20.43137729236100   -0.01332129129383
    2      2.47327272224400    0.45395528309074
    3      0.95538808433100    0.74866154158885
    4      0.30615322235400    0.48065998189980
  end
  NewGTO Cd
   S    4
    1      0.45720775975900   -0.50958043104522
    2      0.10243564309300    0.03255283753540
    3      0.21576247120200    0.65836528983089
    4      0.05797240955800    0.27741000878499
   P    2
    1      0.09539806634700    0.51740199186056
    2      0.03717335460300    0.04731687889655
   D    2
    1      0.09794883836300    0.67692988865838
    2      0.04724313875900   -0.02246570992051
  end
  NewGTO In
   S    4
    1      0.52063420789100   -0.45136312856519
    2      0.31961624058400    0.20340286065280
    3      0.16943922723500    0.52478811547922
    4      0.05415421541600    0.08933596165446
   P    4
    1      1.43429189476600    0.24982874403610
    2      1.18408542923100   -0.37498073046934
    3      0.19869093406300    0.40228678520054
    4      0.06297691778100    0.22505132504732
   D    2
    1      0.10504697892500    0.71159958517739
    2      0.07615239589900    0.02296158458562
  end
  NewGTO Sn
   S    4
    1      0.63474818680000   -0.55198513062931
    2      0.40218519954600    0.21718936272527
    3      0.20117216198900    0.71176565395387
    4      0.05491335258500    0.24231405181308
   P    4
    1      1.02987980386200   -0.20196205291658
    2      0.23436581724700    0.78678626796761
    3      0.08396428101300    0.54162964386058
    4      0.05265541944700    0.00214545013906
   D    2
    1      0.19586205501700    0.66599508681480
    2      0.09602404847900    0.30683380393999
  end
  NewGTO Sb
   S    4
    1      0.58862308467500   -0.72213292663142
    2      0.36279538178100    0.35744100567932
    3      0.36661471933500    0.48970308290773
    4      0.09605446673100    0.37203798277484
   P    4
    1      0.76570023387300   -0.42564455063860
    2      0.43943172030300    0.52730486735816
    3      0.15312843131400    0.67746333815335
    4      0.05220152098100    0.11432753245381
   D    2
    1      0.18975025041100    0.98292666143741
    2      0.18357705221600    0.08406183418456
  end
  NewGTO Te
   S    4
    1      0.79965603573800   -0.56274205758209
    2      0.45476378162000    0.13669820756411
    3      0.32424076061600    0.69255471328797
    4      0.10579052189700    0.40898314375038
   P    4
    1      0.80902075721400   -0.48870241420819
    2      0.50355134401000    0.58501556961883
    3      0.17506726987400    0.61392929064667
    4      0.06619615305500    0.16206927463618
   D    2
    1      0.18780818378000    1.00024631129774
    2      0.02842786892100    0.16001044499207
  end
  NewGTO I
   S    4
    1      2.53974865686000    0.30046584116748
    2      1.64849944033400   -0.63240923026225
    3      0.30329922154800    0.62256914300095
    4      0.12165763583700    0.34502257966273
   P    4
    1      0.91547166095700   -0.55643204852301
    2      0.68566791333300    0.61175172815878
    3      0.21202115785500    0.50671137988923
    4      0.08464938221200    0.20958345970581
   D    2
    1      0.25621327366100    0.91223943644025
    2      0.16569081841000    0.46126230675459
  end
  NewGTO Xe
   S    4
    1      0.88458275010000   -0.59406884379786
    2      0.42939958550000    0.63530896958464
    3      0.21018701670000    0.48720342420574
    4      0.08442683380000    0.07319781983397
   P    4
    1      0.95533848450000   -0.62562823048764
    2      0.79279450700000    0.68006147710841
    3      0.23474838500000    0.35264119999161
    4      0.09825897150000    0.10246315941171
   D    2
    1      0.24895421520000    0.83876450564184
    2      0.06900531120000    0.41634324238514
  end
  NewGTO Cs
   S    4
    1      0.34888601670000    0.55890965006586
    2      0.29198459700000   -0.72147266368979
    3      0.02350565050000    0.39300268200791
    4      0.02122782390000   -0.13061162793369
   P    3
    1      0.12111467030000   -0.30896282643518
    2      0.09037683290000    0.18962878470475
    3      0.02143229130000    0.41895508877986
   D    1
    1      0.07137128682000    1.00000000000000
  end
  NewGTO Ba
   S    4
    1      0.41134855651200    0.47468113844654
    2      0.33913028096200   -0.64555889336159
    3      0.03505620611500    0.56157712679895
    4      0.02515513122400   -0.26356565509754
   P    3
    1      0.12916993385900   -0.66597688634062
    2      0.10246096471100    0.59751339574393
    3      0.02596378081200    0.13180206870643
   D    1
    1      0.19194463143400    1.00000000000000
  end
  NewGTO La
   S    4
    1      0.51044754100400    0.07334296561975
    2      0.23256899165700   -0.50845035235651
    3      0.09346136906300    0.33251020817740
    4      0.03688150953000    0.01889512775722
   P    2
    1      0.18587852348500   -0.31818041930458
    2      0.06541552884300    0.19995831151161
   D    4
    1      3.45712755556200   -0.01380743967270
    2      0.42970952093500    0.52512406455486
    3      0.17479886888000    0.58061903982227
    4      0.06978016737100    0.14864258497565
  end
  NewGTO Hf
   S    4
    1      0.72451479361900    0.11104607775360
    2      0.43342972602500   -0.47700968868764
    3      0.11292110043700    0.58731980848084
    4      0.03798341403600    0.22401831103825
   P    2
    1      0.46264752212800   -0.10653873664121
    2      0.08334061828100    0.49729188814026
   D    4
    1      7.19284036170600   -0.01165240301077
    2      0.89585276033000    0.42217171260563
    3      0.30817284279200    0.71234579298994
    4      0.09787672164500    0.32313362399647
  end
  NewGTO Ta
   S    4
    1      0.49168855531400   -0.93248092523087
    2      0.54442120466400    0.67271083428362
    3      0.14585692628400    0.39181716965173
    4      0.03925401838200    0.04587531626553
   P    2
    1      0.41651871001800   -0.25761234558890
    2      0.10348342209300    0.92372103822970
   D    4
    1      6.74824154350100   -0.02151035640337
    2      0.96200518267200    0.63165621063297
    3      0.33846407739400    0.97364876118750
    4      0.10930017214700    0.36771650338027
  end
  NewGTO W
   S    4
    1      0.36474640555300   -0.58111038197587
    2      0.19969005689400    0.30941505770893
    3      0.13547869777500    0.53042368685263
    4      0.03914096452400    0.12889496434061
   P    2
    1      0.53007339325900   -0.15253137243682
    2      0.10296790434800    0.48970817654008
   D    4
    1      7.46198127555300   -0.01702091527807
    2      1.06741926564300    0.51081479486827
    3      0.40536146794100    0.74598368140493
    4      0.14244805919500    0.39039372203589
  end
  NewGTO Re
   S    4
    1      0.42629075536300   -0.45565849155856
    2      0.14448942890700    0.69609190227780
    3      0.05094545931700    0.15638336788215
    4      0.05258832305200   -0.01557626026075
   P    2
    1      0.52924605428600   -0.13462119401982
    2      0.10833404706800    0.34468871151427
   D    4
    1      7.12382493235400   -0.02260548228015
    2      1.17510496199600    0.51781830147686
    3      0.46554198022000    0.73692934679757
    4      0.16517363533400    0.40188299910948
  end
  NewGTO Os
   S    4
    1      0.43989441353900   -0.45779524007212
    2      0.14634906796700    0.81227997072292
    3      0.05656202983000    0.30223136873848
    4      0.02135804889100    0.03982582371639
   P    2
    1      0.58130322862000   -0.17942107399191
    2      0.11336429324600    0.76854025455186
   D    4
    1      7.12416241299800   -0.02633521792370
    2      1.22656431069500    0.57037826861961
    3      0.46527380523500    0.73886186959342
    4      0.15939124867700    0.34300315681418
  end
  NewGTO Ir
   S    4
    1      0.45258663566800   -0.56164587834310
    2      0.23087294710400    0.55401043090776
    3      0.09564329007800    0.38414152364612
    4      0.04871987438700    0.07789958330984
   P    2
    1      0.57009649339300   -0.16848184272372
    2      0.12367280146000    0.69381355439480
   D    4
    1      8.96084008282400   -0.01813924035445
    2      1.24879007701900    0.62012626066692
    3      0.45301591904500    0.71477597046835
    4      0.15106975291300    0.24343740699379
  end
  NewGTO Pt
   S    4
    1      0.51658854966400   -0.40198978577247
    2      0.12631962985500    0.87919093882021
    3      0.15435053816700    0.03633211289252
    4      0.03342799239600    0.28902059804733
   P    2
    1      0.66982946206600   -0.14362945742196
    2      0.09645425754700    0.97565653552953
   D    4
    1      8.78912603264800   -0.02239032556596
    2      1.35817004268100    0.61408319866143
    3      0.51224086202400    0.69705082003606
    4      0.16795311493800    0.32806414883836
  end
  NewGTO Au
   S    4
    1      0.47764375952900   -0.51652522565713
    2      0.20486383549800    0.69118944513890
    3      0.09630053663200    0.09145555091122
    4      0.05205399709500    0.30274628079680
   P    2
    1      0.68905477779200   -0.14819341187977
    2      0.11378707429200    0.73967375802642
   D    4
    1      9.14908621965200   -0.02357549719182
    2      1.44521747726300    0.63429750801292
    3      0.56244571300400    0.67945369199713
    4      0.19844918677500    0.32066086266564
  end
  NewGTO Hg
   S    4
    1      0.47483314632400   -0.56138375123735
    2      1.01026765557800    0.04007335405796
    3      0.25105980559600    0.61861943531703
    4      0.06834527022500    0.29105952892081
   P    2
    1      0.71886580319200   -0.10550910446642
    2      0.11476639286300    0.63597138856565
   D    2
    1      0.06579142159500    0.45050154869188
    2      0.03522207147400    0.83603160570395
  end
  NewGTO Tl
   S    4
    1      0.40053783517900   -0.63359009983511
    2      0.29511547718500    0.05415419837328
    3      0.23804618111800    0.76315005013078
    4      0.05498836517900    0.13333659133047
   P    4
    1      1.18745052401900    0.47327323856306
    2      1.07344578734800   -0.59289880776193
    3      0.17686021225700    0.43025758505025
    4      0.05888958505600    0.23106711113772
   D    2
    1      0.66383190336600    0.08498819634729
    2      0.09084909676100    0.94963655891008
  end
  NewGTO Pb
   S    4
    1      0.59612467351800   -0.56047505695190
    2      0.37549592946900    0.17206735749165
    3      0.22352546712500    0.75734041627828
    4      0.06454629377500    0.24399220504431
   P    4
    1      0.53276722256100   -0.43611613649417
    2      0.26708602536900    0.72281182194155
    3      0.07879926642300    0.49238991120964
    4      0.05818440979800   -0.04812683252578
   D    2
    1      0.23018477646200    0.33482759350504
    2      0.09218349003800    0.96505853485116
  end
  NewGTO Bi
   S    4
    1      0.86633259057100   -0.41931734416011
    2      0.40190990682900    0.15838561608202
    3      0.19567759521800    0.89029435971218
    4      0.06212875767400    0.18666992794250
   P    4
    1      0.65380197090000   -0.39914630722465
    2      0.31882014394300    0.57814539264548
    3      0.14798551687500    0.46136829477689
    4      0.06224732184700    0.22292549558744
   D    2
    1      0.10947827838900    0.24396924073513
    2      0.11099079913500    0.93928092036984
  end
  NewGTO Po
   S    4
    1      0.64839376228500   -0.65037572616298
    2      0.58530031630200    0.11639066135088
    3      0.37046319959000    0.70935684085996
    4      0.10439301128800    0.21765902392359
   P    4
    1      0.75117173624500   -0.34281084046796
    2      0.29442347909900    0.77152253730469
    3      0.13486304980100    0.34248204343420
    4      0.07658918587900    0.25981731158151
   D    2
    1      0.16040414688700    1.03277795247263
    2      0.03782624138600    0.22337987092550
  end
  NewGTO At
   S    4
    1      0.69773131296700   -0.48029219686777
    2      0.50553613846500    0.08150525190572
    3      0.41048998345200    0.49263296045195
    4      0.13014490169900    0.23852198586399
   P    4
    1      0.94855495255300   -0.29153204487640
    2      0.32687602798200    0.78184372449742
    3      0.14171440439100    0.70754626429975
    4      0.07601217323900    0.28566127227328
   D    2
    1      0.18064278604600    0.33869911391330
    2      0.16120210491800    0.90427088381948
  end
  NewGTO Rn
   S    4
    1      0.88447028587900   -0.36362774885213
    2      0.28915821587400    0.70758680018782
    3      0.25135699931800    0.08210450794769
    4      0.04516601297000    0.02828374454685
   P    4
    1      0.94940914484700   -0.38620917873128
    2      0.47780258521100    0.56365782876085
    3      0.20385777687300    1.11721184243308
    4      0.08052746606500    0.25206781177363
   D    2
    1      0.23196725681100    0.21421964038352
    2      0.08219203792200    0.47254195272408
  end
  NewECP Li
  N_core  2
  lmax  d
   s    1
    1      1.27600000    5.78600000    2
   p    1
    1      1.60700000   -1.06500000    2
   d    1
    1      1.00000000    0.00000000    2
  end
  NewECP Be
  N_core  2
  lmax  d
   s    1
    1      2.65300000   13.32500000    2
   p    1
    1      3.12000000   -1.57400000    2
   d    1
    1      1.00000000    0.00000000    2
  end
  NewECP B 
  N_core  2
  lmax  f
   s    1
    1      4.50610000   23.99296000    2
   p    1
    1      5.60000000   -1.30000000    2
   d    1
    1      0.08000000   -0.00300000    2
   f    1
    1      1.00000000    0.00000000    2
  end
  NewECP C 
  N_core  2
  lmax  f
   s    1
    1      6.40105200   33.12163800    2
   p    1
    1      7.30774700   -1.98625700    2
   d    1
    1      5.96179600   -9.45431800    2
   f    1
    1      1.00000000    0.00000000    2
  end
  NewECP N 
  N_core  2
  lmax  f
   s    1
    1      7.97723200   38.53383100    2
   p    1
    1     10.18385400   -2.55081000    2
   d    1
    1     11.55994700   -2.99554500    2
   f    1
    1      1.00000000    0.00000000    2
  end
  NewECP O 
  N_core  2
  lmax  f
   s    1
    1     10.44567000   50.77106900    2
   p    1
    1     18.04517400   -4.90355100    2
   d    1
    1      8.16479800   -3.31212400    2
   f    1
    1      1.00000000    0.00000000    2
  end
  NewECP F 
  N_core  2
  lmax  f
   s    2
    1     22.35040000  102.59795200    2
    2     11.17520000   19.04966300    2
   p    2
    1     26.47680000  -15.14396000    2
    2     13.23840000    2.80292100    2
   f    1
    1      1.00000000    0.00000000    2
  end
  NewECP Ne
  N_core  2
  lmax  f
   s    2
    1     31.86016200  112.52543566    2
    2     12.36221900   28.30083454    2
   p    2
    1     21.50803400  -11.12658543    2
    2     12.91044700    3.38754919    2
   d    1
    1      0.85038500   -0.18408921    2
   f    1
    1      1.00000000    0.00000000    2
  end
  NewECP Na
  N_core 10
  lmax  f
   s    1
    1      1.37800000   10.83900000    2
   p    1
    1      0.66390000    2.30300000    2
   d    1
    1      0.92490000   -1.77700000    2
   f    1
    1      1.00000000    0.00000000    2
  end
  NewECP Mg
  N_core 10
  lmax  f
   s    1
    1      1.73200000   14.67600000    2
   p    1
    1      1.11500000    5.17570000    2
   d    1
    1      1.20300000   -1.81600000    2
   f    1
    1      1.00000000    0.00000000    2
  end
  NewECP Al
  N_core 10
  lmax  f
   s    1
    1      2.19822500   20.40981300    2
   p    1
    1      1.60139500    8.98049500    2
   d    1
    1      1.49902600   -1.97041100    2
   f    1
    1      1.00000000    0.00000000    2
  end
  NewECP Si
  N_core 10
  lmax  f
   s    1
    1      2.71362197   26.62331865    2
   p    1
    1      1.96687987   10.92995391    2
   d    1
    1      2.71001600   -4.66941200    2
   f    1
    1      1.00000000    0.00000000    2
  end
  NewECP P 
  N_core 10
  lmax  f
   s    1
    1      2.94055986   26.53226131    2
   p    1
    1      2.22771255   11.49721021    2
   d    1
    1      5.66170600  -16.77278000    2
   f    1
    1      1.00000000    0.00000000    2
  end
  NewECP S 
  N_core 10
  lmax  f
   s    1
    1      3.74389164   37.97481900    2
   p    1
    1      3.08608744   18.79052931    2
   d    1
    1      4.86241400   -7.83796400    2
   f    1
    1      1.00000000    0.00000000    2
  end
  NewECP Cl
  N_core 10
  lmax  f
   s    2
    1      6.39430000   33.13663196    2
    2      3.19710000   16.27072783    2
   p    2
    1      5.62070000   24.41699269    2
    2      2.81030000    7.68304978    2
   d    1
    1      5.33810000   -8.58764865    2
   f    1
    1      1.00000000    0.00000000    2
  end
  NewECP Ar
  N_core 10
  lmax  g
   s    2
    1     10.26172100   68.66778801    2
    2      3.95272500   24.04276629    2
   p    2
    1      5.39271400   27.73076331    2
    2      2.69996700    4.04545904    2
   d    2
    1      8.08623500   -8.13747696    2
    2      4.01663200   -1.66452808    2
   f    1
    1      5.20845900   -3.40009845    2
   g    1
    1      1.00000000    0.00000000    2
  end
  NewECP K 
  N_core 18
  lmax  f
   s    1
    1      0.85300000   13.56400000    2
   p    1
    1      0.36960000    2.64800000    2
   d    1
    1      0.66390000   -4.51700000    2
   f    1
    1      1.00000000    0.00000000    2
  end
  NewECP Ca
  N_core 18
  lmax  f
   s    1
    1      0.89800000   12.46600000    2
   p    1
    1      0.54800000    5.14600000    2
   d    1
    1      1.11900000   -7.70900000    2
   f    1
    1      1.00000000    0.00000000    2
  end
  NewECP Sc
  N_core 18
  lmax  d
   s    6
    1      0.18490000    0.03074700    2
    2      1.01020002   98.84182739    2
    3      1.17219996 -176.84428406    2
    4      1.40620005   99.04251862    2
    5      4.10559988    8.55434704    1
    6      5.19129992    3.60357404    0
   p    6
    1      0.74400002   52.92183685    2
    2      0.93519998 -114.06956482    2
    3      1.25870001  111.66765594    2
    4      1.63880003  -52.40676498    2
    5      2.00399995    5.54833794    1
    6      1.07050002    5.54230881    0
   d    5
    1      0.29840001   -0.27631900    2
    2      0.97359997   -2.71528506    2
    3      3.00230002  -10.29641724    2
    4     12.39669991  -36.81774139    2
    5     47.46879959  -13.80766487    1
  end
  NewECP Ti
  N_core 18
  lmax  d
   s    6
    1      0.21480000    0.03480600    2
    2      0.99339998   21.71248817    2
    3      1.17780006  -39.98028564    2
    4      1.81480002    1.93583095    2
    5      0.93210000   24.44411659    1
    6     10.55080032    3.18623209    0
   p    6
    1      0.76319998   21.59829712    2
    2      1.06750000  -72.59468079    2
    3      1.40939999   79.00105286    2
    4      1.81729996  -38.15525436    2
    5      0.79560000    7.75176477    1
    6      0.58350003    5.45599794    0
   d    5
    1      0.33790001   -0.30006000    2
    2      1.11440003   -2.86175990    2
    3      3.42820001  -10.93051720    2
    4     13.60970020  -36.18664169    2
    5     45.69940186  -12.74508858    1
  end
  NewECP V 
  N_core 18
  lmax  d
   s    6
    1      0.24120000    0.04627600    2
    2      1.31369996  116.58562469    2
    3      1.55100000 -206.26571655    2
    4      1.89559996  116.92503357    2
    5      7.14799976   17.72877121    1
    6     20.98839951    2.97051811    0
   p    6
    1      0.20580000    0.02383400    2
    2      0.94440001   85.66498566    2
    3      1.10290003 -168.82945251    2
    4      1.31379998  101.25710297    2
    5      3.75839996    6.58652687    1
    6      3.91380000    5.59004593    0
   d    5
    1      0.37729999   -0.31635800    2
    2      1.23520005   -2.86627412    2
    3      3.70639992  -10.88373375    2
    4     13.44499969  -30.68353462    2
    5     37.79880142  -11.54613400    1
  end
  NewECP Cr
  N_core 18
  lmax  d
   s    6
    1      0.60399997   20.50030136    2
    2      0.70929998  -65.95387268    2
    3      0.90420002  115.60340881    2
    4      1.09179997  -68.62667847    2
    5      1.73950005   13.32377911    1
    6      8.37220001    3.15280890    0
   p    6
    1      0.17560001    0.01963400    2
    2      1.02059996   96.54696655    2
    3      1.19340003 -186.33720398    2
    4      1.44360006  109.43738556    2
    5      4.16370010    7.51034021    1
    6      4.56899977    5.51086378    0
   d    5
    1      0.33739999   -0.18984801    2
    2      1.10440004   -2.21707392    2
    3      3.44440007  -10.17161274    2
    4     13.09500027  -31.33251953    2
    5     41.70100021  -12.17855644    1
  end
  NewECP Mn
  N_core 18
  lmax  d
   s    6
    1      0.74610001   50.56281281    2
    2      0.83649999 -139.92572021    2
    3      1.00870001  187.17520142    2
    4      1.19529998  -96.70987701    2
    5      1.95889997   18.29615593    1
    6      8.92039967    3.13673401    0
   p    6
    1      1.09370005   35.46660995    2
    2      1.48570001 -103.00804138    2
    3      1.97080004  106.40811157    2
    4      2.59910011  -43.28920364    2
    5      1.04449999   10.65728283    1
    6      3.00909996    5.33598995    0
   d    5
    1      0.45190001   -0.32237199    2
    2      1.38629997   -2.42131090    2
    3      3.74930000   -9.07335377    2
    4     11.57509995  -23.51095963    2
    5     33.64369965  -11.55800056    1
  end
  NewECP Fe
  N_core 18
  lmax  d
   s    6
    1      0.81730002   53.32651138    2
    2      0.91530001 -144.99348450    2
    3      1.10710001  193.69319153    2
    4      1.31669998 -101.95478058    2
    5      2.08579993   20.21462250    1
    6      8.91240025    3.22412705    0
   p    6
    1      0.22290000    0.02352700    2
    2      1.29540002   92.19576263    2
    3      1.55760002 -187.78385925    2
    4      1.89040005  121.00855255    2
    5      4.91750002   12.36842060    1
    6      7.78889990    5.20341396    0
   d    5
    1      0.49520001   -0.33538201    2
    2      1.50390005   -2.39878988    2
    3      3.96690011   -8.88721943    2
    4     11.90670013  -23.24546051    2
    5     34.95520020  -11.52505875    1
  end
  NewECP Co
  N_core 18
  lmax  d
   s    6
    1      0.86699998   41.98735046    2
    2      0.98699999 -118.17536163    2
    3      1.22259998  165.50724792    2
    4      1.48570001  -86.30142975    2
    5      2.06960011    6.80684519    1
    6      1.47860003    3.70646691    0
   p    6
    1      0.24690001    0.02688800    2
    2      1.40540004   97.55522156    2
    3      1.66750002 -178.49310303    2
    4      2.07929993  108.75386047    2
    5      5.26149988   12.92386913    1
    6      8.09350014    5.22732306    0
   d    5
    1      0.53230000   -0.32827699    2
    2      1.53649998   -2.07979298    2
    3      3.87420011   -7.91124582    2
    4     10.96930027  -20.62563133    2
    5     32.24440002  -11.21210480    1
  end
  NewECP Ni
  N_core 18
  lmax  d
   s    6
    1      0.93790001   43.79937744    2
    2      1.06649995 -122.48828125    2
    3      1.32009995  170.38290405    2
    4      1.60450006  -88.12361908    2
    5      2.26979995    8.00157547    1
    6      1.70940006    3.67468309    0
   p    6
    1      0.26530001    0.02744700    2
    2      1.50919998   94.02155304    2
    3      1.81280005 -187.11549377    2
    4      2.21199989  122.75196838    2
    5      5.48559999   12.05337429    1
    6      7.51889992    5.36371279    0
   d    5
    1      0.60470003   -0.39820799    2
    2      1.93700004   -3.11549497    2
    3      5.49459982  -11.88599491    2
    4     18.08950043  -32.50999451    2
    5     53.18939972  -11.93502808    1
  end
  NewECP Cu
  N_core 18
  lmax  d
   s    6
    1      0.81150001    6.22903204    2
    2      1.10739994  -48.31729889    2
    3      1.38030005  113.06871033    2
    4      1.65380001  -65.06185150    2
    5      2.90939999   19.98191833    1
    6     10.47480011    3.21701002    0
   p    6
    1      0.73470002   35.69552994    2
    2      0.83590001 -103.46006775    2
    3      1.03230000  151.97230530    2
    4      1.25300002  -87.70287323    2
    5      2.32179999   20.80924225    1
    6      9.20419979    4.79295111    0
   d    5
    1      0.47510001   -0.17287099    2
    2      1.42369997   -1.67033803    2
    3      4.03959990   -8.22487736    2
    4     12.44390011  -23.39514351    2
    5     38.74039841  -11.42614460    1
  end
  NewECP Zn
  N_core 28
  lmax  f
   s    2
    1      1.50000000   14.93680000    2
    2      0.75000000   -2.62660000    2
   p    2
    1      1.50000000   11.43290000    2
    2      0.75000000   -1.49390000    2
   d    2
    1      0.75000000    1.16900000    2
    2      0.37500000    0.37070000    2
   f    1
    1      1.00000000    0.00000000    2
  end
  NewECP Ga
  N_core 28
  lmax  g
   s    1
    1      5.21596000  203.85397200    2
   p    1
    1      4.30890400  156.10339000    2
   d    1
    1      0.49635700    1.03164700    2
   f    1
    1      1.71517000  -10.67373500    2
   g    1
    1      1.00000000    0.00000000    2
  end
  NewECP Ge
  N_core 28
  lmax  g
   s    1
    1      4.81540900  149.24657900    2
   p    1
    1      4.16951500  132.84433500    2
   d    1
    1      0.59195800    1.34615400    2
   f    1
    1      1.79177000   -7.04422300    2
   g    1
    1      1.00000000    0.00000000    2
  end
  NewECP As
  N_core 28
  lmax  g
   s    1
    1      3.61262500   53.96562000    2
   p    1
    1      3.90792600   88.94908800    2
   d    1
    1      1.92646700   22.42028800    2
   f    1
    1      1.77343400   -4.70481500    2
   g    1
    1      1.00000000    0.00000000    2
  end
  NewECP Se
  N_core 28
  lmax  g
   s    1
    1      4.23705700   79.66334500    2
   p    1
    1      2.91033400   31.56099300    2
   d    1
    1      2.33570100   30.80461000    2
   f    1
    1      2.25463900   -6.54687500    2
   g    1
    1      1.00000000    0.00000000    2
  end
  NewECP Br
  N_core 28
  lmax  g
   s    2
    1      5.02180000   61.51372100    2
    2      2.51090000    9.02149300    2
   p    2
    1      4.28140000   53.87586400    2
    2      2.14070000    4.62940200    2
   d    2
    1      2.88000000   20.84967700    2
    2      1.44000000    2.96544400    2
   f    1
    1      2.72070000   -8.16149300    2
   g    1
    1      1.00000000    0.00000000    2
  end
  NewECP Kr
  N_core 28
  lmax  h
   s    2
    1      5.87771800   73.91569390    2
    2      3.08462200   16.16825080    2
   p    2
    1      5.16411000   58.51769101    2
    2      2.35830200    8.25910073    2
   d    2
    1      3.21536200   33.45822776    2
    2      1.28500800    0.67725331    2
   f    2
    1      4.08286900  -15.15869859    2
    2      1.19396000   -0.17408825    2
   g    1
    1      3.18077500   -6.83315877    2
   h    1
    1      1.00000000    0.00000000    2
  end
  NewECP Rb
  N_core 36
  lmax  f
   s    1
    1      1.01200000   45.27200000    2
   p    1
    1      0.30360000    2.83000000    2
   d    1
    1      0.38380000   -1.97500000    2
   f    1
    1      1.00000000    0.00000000    2
  end
  NewECP Sr
  N_core 36
  lmax  f
   s    1
    1      0.79620000   15.38700000    2
   p    1
    1      0.42120000    5.07700000    2
   d    1
    1      0.49270000   -2.24800000    2
   f    1
    1      1.00000000    0.00000000    2
  end
  NewECP Y 
  N_core 36
  lmax  f
   s    7
    1      0.52429998  -27.56872368    2
    2      0.61140001   80.27277374    2
    3      0.80330002 -101.27806091    2
    4      0.99680001   67.88915253    2
    5      3.88000011   37.90885544    2
    6      8.83150005   34.85948563    1
    7     22.29000092    3.96560407    0
   p    7
    1      0.68919998  127.96752930    2
    2      0.81430000 -265.12304688    2
    3      1.08150005  258.52642822    2
    4      1.51940000 -181.08963013    2
    5      2.09270000   94.94129181    2
    6      6.04059982   16.67901993    1
    7      7.35090017    5.70845318    0
   d    7
    1      0.23090000   -0.18540600    2
    2      1.29820001   22.32200432    2
    3      1.51409996  -70.94950867    2
    4      1.99890006  131.66903687    2
    5      2.56730008 -108.04507446    2
    6      4.38630009   11.55035400    1
    7      1.97099996    7.16109085    0
   f    6
    1      0.40310001   -0.38814399    2
    2      0.95459998   -3.85477591    2
    3      2.47849989   -9.36550999    2
    4      7.70930004  -39.12420654    2
    5     23.46579933  -93.54985046    2
    6     73.73259735  -25.21870422    1
  end
  NewECP Zr
  N_core 36
  lmax  f
   s    7
    1      0.67790002  -60.99807739    2
    2      0.79229999  189.74023438    2
    3      1.04059994 -245.02844238    2
    4      1.44630003  219.89311218    2
    5      1.96200001 -110.71615601    2
    6      2.62660003   24.82860374    1
    7     10.83559990    3.39029098    0
   p    7
    1      0.78560001  139.57833862    2
    2      0.93400002 -287.81640625    2
    3      1.24940002  279.62557983    2
    4      1.77209997 -194.22854614    2
    5      2.47129989  104.41959381    2
    6      7.06279993   16.83250046    1
    7      8.15489960    5.69084311    0
   d    7
    1      0.09670000    0.00048200    2
    2      0.24150001   -0.17614000    2
    3      2.06349993  -43.04225159    2
    4      2.50259995  130.94032288    2
    5      3.20359993 -109.38676453    2
    6      5.27120018   13.35779476    1
    7      3.53810000    6.97829580    0
   f    5
    1      0.50849998   -0.65333903    2
    2      1.25989997   -5.42695379    2
    3      3.85929990  -15.36555386    2
    4     12.27550030  -64.25210571    2
    5     38.51760101  -23.12731552    1
  end
  NewECP Nb
  N_core 36
  lmax  f
   s    7
    1      0.73820001  -62.14817429    2
    2      0.85650003  190.85089111    2
    3      1.11399996 -243.21609497    2
    4      1.53129995  221.00381470    2
    5      2.06570005 -114.93121338    2
    6      2.50189996   28.06257629    1
    7     10.75329971    3.42669392    0
   p    7
    1      0.88760000  151.04595947    2
    2      1.06459999 -307.14862061    2
    3      1.44579995  293.11035156    2
    4      2.08999991 -199.33251953    2
    5      2.99850011  112.10955811    2
    6      8.67920017   16.48614311    1
    7      8.90999985    5.68367910    0
   d    7
    1      0.64829999    0.23683000    2
    2      0.28490001   -0.23673899    2
    3      1.36430001   21.64477730    2
    4      1.46120000  -54.17031479    2
    5      1.66880000   41.12133026    2
    6      7.64370012   11.94430923    1
    7      6.68480015    7.14471006    0
   f    5
    1      0.65390003   -1.18631494    2
    2      1.74010003   -7.80844688    2
    3      6.60360003  -31.78058052    2
    4     22.66510010 -104.86203003    2
    5     86.96939850  -27.51132584    1
  end
  NewECP Mo
  N_core 36
  lmax  f
   s    7
    1      0.83120000  -67.00737000    2
    2      0.97170001  212.17037964    2
    3      1.28129995 -271.79238892    2
    4      1.79719996  243.67256165    2
    5      2.47049999 -122.49226379    2
    6      3.40219998   27.53581619    1
    7     14.03419971    3.30936599    0
   p    7
    1      0.66720003  -47.97874451    2
    2      0.76480001  172.93215942    2
    3      0.94209999 -230.60501099    2
    4      1.16559994  133.04591370    2
    5      2.48569989  -23.99546814    2
    6      2.93589997   25.51008034    1
    7      9.79469967    5.34964418    0
   d    7
    1      0.08900000   -0.00025400    2
    2      0.31630000   -0.25356400    2
    3      2.15129995  -49.08042908    2
    4      2.93219996  143.46177673    2
    5      3.74819994 -139.96762085    2
    6      5.98320007   13.82697392    1
    7      1.19649994    6.99066401    0
   f    5
    1      0.67839998   -0.97851598    2
    2      1.73590004   -7.12729788    2
    3      5.99490023  -24.65216255    2
    4     19.34300041  -89.41860199    2
    5     66.90019989  -25.30689621    1
  end
  NewECP Tc
  N_core 36
  lmax  f
   s    7
    1      0.89370000  -65.76921082    2
    2      1.04149997  210.01269531    2
    3      1.36290002 -267.63656616    2
    4      1.89919996  243.09695435    2
    5      2.60130000 -123.48133850    2
    6      3.41840005   29.38408089    1
    7     13.77740002    3.36798000    0
   p    7
    1      0.76109999  -62.08471680    2
    2      0.87000000  202.83374023    2
    3      1.11259997 -269.54275513    2
    4      1.52359998  247.41317749    2
    5      1.97570002 -117.69210052    2
    6      2.91269994   25.42036819    1
    7     10.04749966    5.31698513    0
   d    7
    1      0.28979999   -0.14150600    2
    2      0.90539998   -7.07095194    2
    3      1.20210004   38.74472809    2
    4      1.52540004  -74.01949310    2
    5      1.98080003   56.81457138    2
    6     11.47700024   16.01659393    1
    7     10.15670013    6.78246212    0
   f    5
    1      0.70050001   -0.79472297    2
    2      1.72379994   -6.37796688    2
    3      5.29659987  -18.39558029    2
    4     16.52239990  -75.56327820    2
    5     52.40219879  -23.71250725    1
  end
  NewECP Ru
  N_core 36
  lmax  f
   s    7
    1      0.99110001  -71.56522369    2
    2      1.14160001  228.00354004    2
    3      1.46480000 -284.92181396    2
    4      1.99300003  254.73445129    2
    5      2.64910007 -129.97424316    2
    6      3.19720006   27.73659134    1
    7     12.94449997    3.39043093    0
   p    7
    1      0.79670000  -29.94395828    2
    2      0.92159998  113.42784882    2
    3      1.20869994 -152.27215576    2
    4      1.71340001  142.09107971    2
    5      2.42820001  -67.73392487    2
    6      3.44860005   27.24661064    1
    7     11.52260017    5.29189920    0
   d    7
    1      0.23970000   -0.01948400    2
    2      0.42269999   -0.35189101    2
    3      1.51569998   20.84566689    2
    4      1.81130004  -59.39392853    2
    5      2.25309992   53.66986465    2
    6     11.23980045   14.55651188    1
    7      9.81809998    6.93632078    0
   f    5
    1      0.76889998   -0.84380198    2
    2      1.88810003   -6.69124413    2
    3      5.83479977  -19.53392792    2
    4     18.12579918  -79.45478821    2
    5     57.63710022  -23.90557671    1
  end
  NewECP Rh
  N_core 36
  lmax  f
   s    7
    1      1.06579995  -77.58691406    2
    2      1.21669996  240.80317688    2
    3      1.53530002 -278.74105835    2
    4      2.08360004  215.33572388    2
    5      2.96230006 -114.76507568    2
    6      3.09660006   36.79577255    1
    7     15.23849964    3.33553004    0
   p    7
    1      0.89630002  -59.61508942    2
    2      1.03649998  208.17607117    2
    3      1.34590006 -285.84307861    2
    4      1.86530006  259.17666626    2
    5      2.50020003 -118.67604828    2
    6      3.80550003   28.71784782    1
    7     13.41059971    5.17818499    0
   d    7
    1      0.48629999   -0.35453799    2
    2      0.26460001   -0.03887800    2
    3      2.98650002  -83.94521332    2
    4      3.98250008  205.58543396    2
    5      5.47550011 -192.86888123    2
    6      8.45230007   18.63974380    1
    7      1.47650003    6.65249395    0
   f    5
    1      0.84579998   -0.92449600    2
    2      2.08389997   -7.14187098    2
    3      6.52729988  -21.23577690    2
    4     20.22669983  -85.08799744    2
    5     64.99040222  -24.24301338    1
  end
  NewECP Pd
  N_core 36
  lmax  f
   s    6
    1      1.56780005  170.32637024    2
    2      1.89289999 -308.21520996    2
    3      2.56369996  278.71969604    2
    4      3.51640010 -136.46862793    2
    5      4.76160002   32.85005951    1
    6     18.32069969    3.32001805    0
   p    6
    1      1.10739994  104.99304199    2
    2      1.34440005 -201.67398071    2
    3      1.82319999  191.11369324    2
    4      2.47819996  -89.62584686    2
    5      3.49810004   28.29756546    1
    6     12.45730019    5.31397009    0
   d    6
    1      0.25200000   -0.06195100    2
    2      0.69040000   -1.10503602    2
    3      1.75610006  -16.16929626    2
    4      2.83060002   17.75333786    2
    5      1.04600000    6.82440615    1
    6     10.49960041    7.95571184    0
   f    4
    1      0.98809999   -1.46114802    2
    2      2.62940001   -9.50723076    2
    3     10.25819969  -41.77036667    2
    4     29.55920029  -21.68132210    1
  end
  NewECP Ag
  N_core 36
  lmax  f
   s    6
    1      1.65400004  171.23280334    2
    2      1.99160004 -307.32479858    2
    3      2.69039989  280.42736816    2
    4      3.73289990 -153.77388000    2
    5      4.36100006   40.92211151    1
    6     18.48649979    3.48360991    0
   p    6
    1      1.21969998  123.84740448    2
    2      1.48839998 -238.36637878    2
    3      2.04329991  222.44552612    2
    4      2.82279992 -103.42056274    2
    5      4.09789991   30.84042740    1
    6     15.14739990    5.18727016    0
   d    6
    1      0.29390001   -0.09446900    2
    2      0.92500001   -3.48698401    2
    3      2.09789991  -38.78794098    2
    4      2.52940011   34.73471451    2
    5      1.06369996    9.89155388    1
    6     10.93939972    7.72656393    0
   f    4
    1      1.07079995   -1.54570901    2
    2      2.85200000   -9.91327572    2
    3     11.17080021  -44.19367218    2
    4     32.34180069  -21.82627869    1
  end
  NewECP Cd
  N_core 46
  lmax  f
   s    2
    1      1.20000000   18.12930000    2
    2      0.60000000   -3.45310000    2
   p    2
    1      1.20000000   18.64360000    2
    2      0.60000000   -2.43270000    2
   d    2
    1      0.60000000    2.71590000    2
    2      0.30000000    0.44210000    2
   f    1
    1      1.00000000    0.00000000    2
  end
  NewECP In
  N_core 46
  lmax  g
   s    2
    1      1.43509100   29.16521900    2
    2      0.69580500   -4.19080600    2
   p    2
    1      1.44083200   36.99054200    2
    2      0.70139200   -3.36582000    2
   d    1
    1      0.96123600   20.00053100    2
   f    1
    1      0.88436900   -6.01909200    2
   g    1
    1      1.00000000    0.00000000    2
  end
  NewECP Sn
  N_core 46
  lmax  g
   s    2
    1      1.96972500   67.92534700    2
    2      0.97237500   -7.47854600    2
   p    2
    1      1.99921000   56.60288000    2
    2      0.99904200   -2.16177600    2
   d    1
    1      0.50036100    2.57633600    2
   f    1
    1      1.23088000  -10.10925300    2
   g    1
    1      1.00000000    0.00000000    2
  end
  NewECP Sb
  N_core 46
  lmax  g
   s    2
    1      2.49109100   68.42793800    2
    2      1.34157500   -4.39863100    2
   p    2
    1      2.14386400   63.96546900    2
    2      0.58550300   -0.57872600    2
   d    1
    1      0.79540100    7.80366100    2
   f    1
    1      1.60925100  -14.51768700    2
   g    1
    1      1.00000000    0.00000000    2
  end
  NewECP Te
  N_core 46
  lmax  g
   s    2
    1      2.92379400   50.08380500    2
    2      1.15275400    1.96814000    2
   p    2
    1      2.60308600  119.82070200    2
    2      0.98544800   -2.03904800    2
   d    1
    1      1.43501900   37.75721400    2
   f    1
    1      1.93927000  -17.86464100    2
   g    1
    1      1.00000000    0.00000000    2
  end
  NewECP I 
  N_core 46
  lmax  g
   s    2
    1      3.51120000   83.11386300    2
    2      1.75560000    5.20187600    2
   p    2
    1      2.96880000   82.81110900    2
    2      1.48440000    3.37968200    2
   d    2
    1      1.90660000   10.30427700    2
    2      0.95330000    7.58803200    2
   f    1
    1      2.30750000  -21.47793600    2
   g    1
    1      1.00000000    0.00000000    2
  end
  NewECP Xe
  N_core 46
  lmax  h
   s    2
    1      3.94026300  122.76382934    2
    2      2.27726400    8.30885115    2
   p    2
    1      3.02837300   68.82300437    2
    2      1.39431900    3.64674223    2
   d    2
    1      2.12260500   23.65207854    2
    2      0.79866900    3.25844113    2
   f    2
    1      6.16436000  -47.70319876    2
    2      1.54237400   -6.54113991    2
   g    1
    1      1.84789200   -7.10585060    2
   h    1
    1      1.00000000    0.00000000    2
  end
  NewECP Cs
  N_core 54
  lmax  f
   s    1
    1      1.16000000  303.50000000    2
   p    1
    1      0.24470000    2.93000000    2
   d    1
    1      0.24270000   -1.13800000    2
   f    1
    1      1.00000000    0.00000000    2
  end
  NewECP Ba
  N_core 54
  lmax  f
   s    1
    1      0.63560000   16.71000000    2
   p    1
    1      0.32140000    4.87400000    2
   d    1
    1      0.24030000   -0.84270000    2
   f    1
    1      1.00000000    0.00000000    2
  end
  NewECP La
  N_core 54
  lmax  f
   s    8
    1      0.49239999  -57.20286942    2
    2      0.56680000  190.33511353    2
    3      0.73250002 -265.08895874    2
    4      1.01779997  250.97280884    2
    5      1.46050000 -178.21974182    2
    6      2.04999995  103.27313995    2
    7      6.22079992   34.95799255    1
    8     17.26569939    6.50971413    0
   p    8
    1      0.37990001  -28.08255768    2
    2      0.42660001  111.27140045    2
    3      0.53280002 -172.92143250    2
    4      0.71590000  176.78236389    2
    5      0.99599999 -131.83255005    2
    6      1.34940004   73.78304291    2
    7      4.17630005   29.54417992    1
    8     11.68099976    6.00691700    0
   d    8
    1      0.11310000   -0.03236600    2
    2      0.59270000  -24.12875366    2
    3      0.68229997   72.46633911    2
    4      0.86989999 -125.80812836    2
    5      1.17309999  177.71560669    2
    6      1.51779997 -112.06113434    2
    7      2.46650004   34.28693390    1
    8     12.28919983    7.13268280    0
   f    6
    1      0.20420000   -0.22267400    2
    2      0.53509998   -2.14405394    2
    3      1.43079996   -8.95630169    2
    4      4.21190023  -31.27042389    2
    5     13.20160007  -80.72589874    2
    6     39.32419968  -34.54819107    1
  end
  NewECP Hf
  N_core 68
  lmax  g
   s    8
    1      0.62709999   12.23064327    2
    2      0.70029998  -59.60324478    2
    3      0.87849998  156.65519714    2
    4      1.20389998 -204.99865723    2
    5      1.72860003  187.90031433    2
    6      2.40269995  -82.80174255    2
    7      4.02040005   40.81014252    1
    8     12.75230026    6.65634918    0
   p    8
    1      0.42649999   37.69438171    2
    2      0.47530001 -116.20706177    2
    3      0.57969999  196.35423279    2
    4      0.74269998 -211.90403748    2
    5      0.91619998  113.47141266    2
    6      3.80509996   47.26153183    2
    7      8.30080032   45.12688446    1
    8     23.66410065    5.77881813    0
   d    8
    1      0.25749999   -0.24424000    2
    2      0.56739998   11.36239910    2
    3      0.67530000  -36.05837250    2
    4      0.88800001   65.08800507    2
    5      1.21080005  -97.13800049    2
    6      1.56429994   75.79869080    2
    7      6.02829981   19.08870888    1
    8      5.42290020    8.35774994    0
   f    8
    1      0.60949999   -6.32602882    2
    2      0.68379998   12.38346767    2
    3      1.14269996  -67.87256622    2
    4      1.23740005   70.92347717    2
    5      4.84910011   36.17158890    2
    6     12.74800015   96.39685059    2
    7     33.74710083   28.85315132    1
    8     33.60300064    1.03963399    0
   g    6
    1      0.56110001   -0.63135999    2
    2      1.35570002   -7.10547495    2
    3      3.52559996  -24.14714623    2
    4      9.66549969  -85.58006287    2
    5     31.15810013 -185.18806458    2
    6     91.57109833  -47.48435974    1
  end
  NewECP Ta
  N_core 68
  lmax  g
   s    8
    1      0.68239999   12.13485432    2
    2      0.76580000  -59.38967896    2
    3      0.97399998  160.96141052    2
    4      1.35800004 -207.03143311    2
    5      2.00209999  187.82365417    2
    6      2.90079999  -85.49249268    2
    7      4.68419981   45.54972458    1
    8     16.76090050    6.45374203    0
   p    8
    1      0.46160001   38.24298859    2
    2      0.51789999 -117.84931946    2
    3      0.64080000  203.91978455    2
    4      0.83700001 -223.77775574    2
    5      1.05239999  121.21456146    2
    6      4.61880016   57.04997253    2
    7      9.97859955   46.13226318    1
    8     28.19230080    5.67695284    0
   d    8
    1      0.21950001   -0.11714300    2
    2      1.03610003  -28.52329445    2
    3      1.21870005   74.39411926    2
    4      1.62769997 -114.17246246    2
    5      2.29290009  155.09744263    2
    6      3.11770010  -83.56156921    2
    7      5.81510019   47.67310333    1
    8     23.04089928    7.06498909    0
   f    8
    1      0.47920001   22.67155838    2
    2      0.53090000  -63.55398560    2
    3      0.63300002   73.78347778    2
    4      0.78230000  -36.86455154    2
    5      1.46529996   16.23764420    2
    6      4.93750000   38.82068634    2
    7     10.75310040   28.87883759    1
    8     28.31669998    1.53800905    0
   g    6
    1      0.62690002   -0.71255600    2
    2      1.50860000   -7.58646679    2
    3      3.94729996  -25.98602867    2
    4     10.69579983  -91.30485535    2
    5     35.08679962 -202.25379944    2
    6    103.43869781  -48.06631088    1
  end
  NewECP W 
  N_core 68
  lmax  g
   s    8
    1      0.10920000   -0.00559700    2
    2      0.87210000  -57.14800644    2
    3      1.01670003  168.47732544    2
    4      1.35259998 -202.82611084    2
    5      1.81850004  127.62249756    2
    6      2.72230005 -116.13665771    2
    7      1.86889994   68.52722931    1
    8     19.64010048    4.92766380    0
   p    8
    1      0.49710000   38.40269089    2
    2      0.55409998 -116.08489227    2
    3      0.68030000  199.11714172    2
    4      0.87900001 -217.43078613    2
    5      1.09570003  119.61345673    2
    6      4.52099991   54.77985001    2
    7      9.70989990   47.16429138    1
    8     27.31539917    5.72915888    0
   d    8
    1      0.81410003  -10.73067856    2
    2      0.22220001   -0.09588000    2
    3      0.88480002   13.17100811    2
    4      2.14289999  -74.29113007    2
    5      2.70149994  194.93284607    2
    6      3.51130009 -128.38191223    2
    7      5.69469976   22.44917870    1
    8      4.35500002    8.12122154    0
   f    8
    1      0.44949999   42.52615738    2
    2      0.50650001 -130.23117065    2
    3      0.62580001  176.63513184    2
    4      0.85600001 -173.75531006    2
    5      1.06809998  103.75617981    2
    6      4.84870005   59.37061310    2
    7     11.44680023   47.21155930    1
    8     37.23880005    4.74469805    0
   g    6
    1      0.68370003   -0.75037998    2
    2      1.65279996   -8.05651283    2
    3      4.38019991  -27.77778625    2
    4     11.73820019  -96.63814545    2
    5     39.06900024 -219.25021362    2
    6    115.77369690  -48.63983536    1
  end
  NewECP Re
  N_core 68
  lmax  g
   s    8
    1      0.76179999   12.20130444    2
    2      0.85130000  -58.66179276    2
    3      1.06920004  154.63580322    2
    4      1.46480000 -191.60073853    2
    5      2.10380006  181.25675964    2
    6      2.93120003  -75.58824921    2
    7      4.98059988   44.00109863    1
    8     14.67980003    6.71948910    0
   p    8
    1      0.53570002   38.36573791    2
    2      0.60270000 -120.06738281    2
    3      0.74870002  213.54537964    2
    4      0.98460001 -236.23445129    2
    5      1.24810004  130.94828796    2
    6      5.42570019   66.50952911    2
    7     11.56700039   48.34811783    1
    8     31.93650055    5.64982986    0
   d    8
    1      0.26010001   -0.13630500    2
    2      1.42289996   76.10538483    2
    3      1.18320000  -25.86570549    2
    4      1.91129994 -131.80529785    2
    5      2.73810005  203.93190002    2
    6      3.77220011 -130.43125916    2
    7      6.40880013   53.73962021    1
    8     28.94709969    6.90621901    0
   f    8
    1      0.45539999   42.60373306    2
    2      0.51609999 -132.34577942    2
    3      0.64760000  197.70394897    2
    4      0.85759997 -187.96063232    2
    5      1.09650004   99.53369141    2
    6      4.66149998   50.98129654    2
    7     10.15660000   43.48990631    1
    8     28.48620033    4.84967518    0
   g    6
    1      0.74460000   -0.80902398    2
    2      1.80200005   -8.50144196    2
    3      4.82390022  -29.58082199    2
    4     12.78439999 -101.49237061    2
    5     42.99539948 -235.57843018    2
    6    128.28930664  -49.22165298    1
  end
  NewECP Os
  N_core 68
  lmax  g
   s    8
    1      0.80199999   26.27425575    2
    2      0.90719998  -96.17611694    2
    3      1.15779996  211.95298767    2
    4      1.61629999 -253.41165161    2
    5      2.36520004  228.25082397    2
    6      3.38779998 -102.19163513    2
    7      5.56780005   48.77917480    1
    8     19.54560089    6.43857288    0
   p    8
    1      0.56970000   37.43206406    2
    2      0.63859999 -116.31768799    2
    3      0.78920001  207.20248413    2
    4      1.02970004 -229.60458374    2
    5      1.29589999  129.95959473    2
    6      5.37249994   63.95362473    2
    7     11.33450031   49.04730225    1
    8     31.14130020    5.68902302    0
   d    8
    1      0.31650001   -0.25271201    2
    2      0.78649998   13.53297424    2
    3      0.92989999  -43.62031174    2
    4      1.21500003   79.10832977    2
    5      1.65980005 -120.06851196    2
    6      2.16799998  100.24253845    2
    7      8.58160019   51.20841217    1
    8     30.71570015    7.07804298    0
   f    8
    1      0.42480001   42.01272964    2
    2      0.48190001 -130.60057068    2
    3      0.60549998  195.07528687    2
    4      0.80210000 -184.75950623    2
    5      1.02779996   97.17532349    2
    6      4.36679983   47.79431534    2
    7      9.82260036   44.16305923    1
    8     27.93250084    4.86101103    0
   g    6
    1      0.80779999   -0.87657899    2
    2      1.95379996   -8.94104481    2
    3      5.28529978  -31.52030945    2
    4     13.87800026 -106.30191803    2
    5     47.06290054 -252.03785706    2
    6    141.49729919  -49.82308578    1
  end
  NewECP Ir
  N_core 68
  lmax  g
   s    8
    1      0.84130001   27.13777351    2
    2      0.95020002  -97.93394470    2
    3      1.20710003  212.03878784    2
    4      1.67019999 -248.60784912    2
    5      2.41790009  227.19543457    2
    6      3.39159989  -97.36859131    2
    7      5.76249981   47.97808456    1
    8     18.47249985    6.55392122    0
   p    8
    1      0.65630001   57.66228867    2
    2      0.72520000 -154.39692688    2
    3      0.90340000  247.69586182    2
    4      1.23109996 -276.29647827    2
    5      1.78830004  270.38247681    2
    6      2.38120008 -159.55268860    2
    7      3.08200002   41.99956512    1
    8     11.04860020    5.93545818    0
   d    8
    1      0.28540000   -0.12088400    2
    2      0.83289999   -1.39111197    2
    3      1.77460003   43.52083206    2
    4      2.23830009 -142.59112549    2
    5      3.04940009  247.56771851    2
    6      4.09219980 -151.51245117    2
    7      6.55800009   24.36254120    1
    8      5.53870010    8.04463005    0
   f    8
    1      0.30829999  -19.30400848    2
    2      0.34630001   60.73864746    2
    3      0.42930001 -107.93820953    2
    4      0.57349998  136.65959167    2
    5      0.79500002 -107.83163452    2
    6      1.15090001   58.89172745    2
    7      4.22580004   29.42035294    1
    8      9.36260033    5.93143177    0
   g    6
    1      0.86720002   -0.91868699    2
    2      2.10159993   -9.34183121    2
    3      5.73199987  -33.08732224    2
    4     14.90610027 -110.59931183    2
    5     50.87039948 -266.87414551    2
    6    154.07629395  -50.38343811    1
  end
  NewECP Pt
  N_core 68
  lmax  g
   s    8
    1      1.14330006  -80.75402069    2
    2      1.32480001  255.40243530    2
    3      1.72399998 -314.58084106    2
    4      2.41059995  297.73495483    2
    5      3.49970007 -197.63934326    2
    6      5.13000011  146.50839233    2
    7     12.90919971   48.66068268    1
    8     34.22660065    4.06491184    0
   p    8
    1      0.85159999  -17.78671646    2
    2      0.97509998   96.91400146    2
    3      1.26619995 -146.01452637    2
    4      1.80509996  147.23194885    2
    5      2.70499992  -89.58618164    2
    6      4.24480009   85.01801300    2
    7     10.74390030   50.10876846    1
    8     31.21459961    5.64266300    0
   d    8
    1      0.28200001   -0.11851300    2
    2      1.26719999  -17.32895088    2
    3      1.56920004   49.30339050    2
    4      2.30189991 -115.68026733    2
    5      3.29360008  226.66456604    2
    6      4.60909987 -154.83076477    2
    7      7.73649979   59.63909912    1
    8     36.09999847    6.81120205    0
   f    8
    1      0.32130000  -28.15009499    2
    2      0.33379999   31.23972702    2
    3      1.39119995   47.82197189    2
    4      1.49779999  -29.59718513    2
    5      3.37039995   68.58837128    2
    6      3.54679990  -27.41664124    2
    7      8.28349972   44.57673645    1
    8     23.96439934    4.99491882    0
   g    6
    1      0.91210002   -0.97492802    2
    2      2.16540003   -9.49699306    2
    3      6.06580019  -31.97232437    2
    4     15.52079964 -115.02309418    2
    5     52.94639969 -275.53890991    2
    6    160.88090515  -50.80278015    1
  end
  NewECP Au
  N_core 68
  lmax  g
   s    8
    1      1.22479999  -84.96929932    2
    2      1.43359995  280.17764282    2
    3      1.89289999 -354.64355469    2
    4      2.69630003  334.33190918    2
    5      3.98990011 -219.39260864    2
    6      6.00549984  170.85874939    2
    7     14.58259964   56.33872986    1
    8     39.31069946    6.40929985    0
   p    8
    1      0.90640002   -6.91190100    2
    2      1.03110003   72.12546539    2
    3      1.32869995 -114.97533417    2
    4      1.90369999  123.61668396    2
    5      2.83640003  -71.13571167    2
    6      4.58839989   79.01660156    2
    7     11.19810009   51.28700638    1
    8     32.29570007    5.65198278    0
   d    8
    1      0.29310000   -0.11365700    2
    2      1.03009999   -2.40402508    2
    3      2.01859999   62.58111572    2
    4      3.43919992  255.44717407    2
    5      5.15789986 -161.80647278    2
    6      2.51489997 -175.77076721    2
    7      8.06239986   63.62079239    1
    8     41.02849960    6.75031996    0
   f    8
    1      0.43349999  -47.60779953    2
    2      0.50970000  176.31802368    2
    3      0.57959998 -168.67689514    2
    4      0.77109998   54.49244690    2
    5      2.59349990   37.71539307    2
    6      8.39070034  -24.13967514    2
    7      6.92939997   49.16802216    1
    8     22.25889969    4.75958586    0
   g    6
    1      0.96569997   -0.98690200    2
    2      2.29040003   -9.68630600    2
    3      6.43839979  -32.57246399    2
    4     16.36459923 -118.53087616    2
    5     55.98929977 -286.25463867    2
    6    171.10139465  -51.27423096    1
  end
  NewECP Hg
  N_core 78
  lmax  f
   s    2
    1      0.33150000   -1.10615000    2
    2      1.80000000   35.43940000    2
   p    2
    1      0.30000000   -0.78306900    2
    2      0.92000000   10.49100000    2
   d    2
    1      0.06000000    0.00616500    2
    2      0.40000000    2.75168000    2
   f    1
    1      1.00000000    0.00000000    2
  end
  NewECP Tl
  N_core 78
  lmax  h
   s    3
    1      0.32623800   -1.01649800    2
    2      1.97754100   51.70795900    2
    3     10.00000000   73.18668300    2
   p    2
    1      0.54306300   -2.96267300    2
    2      1.03214000   19.73043100    2
   d    2
    1      0.35481700    2.77269000    2
    2      0.70963300   -3.97943900    2
   f    1
    1      0.68915600   -4.42678600    2
   g    1
    1      0.82061700  -12.27054000    2
   h    1
    1      1.00000000    0.00000000    2
  end
  NewECP Pb
  N_core 78
  lmax  h
   s    3
    1      0.52916100   -1.87334200    2
    2      1.45672700   20.86079700    2
    3      9.99991100   97.58795500    2
   p    2
    1      0.67811900   -7.76820900    2
    2      1.24901300   51.71925400    2
   d    2
    1      0.30744600    1.30076000    2
    2      0.74493000    2.64082200    2
   f    1
    1      0.84869900   -5.70605600    2
   g    1
    1      0.99994100   -7.48418400    2
   h    1
    1      1.00000000    0.00000000    2
  end
  NewECP Bi
  N_core 78
  lmax  h
   s    3
    1      0.16115200   -0.16198800    2
    2      1.50983500   14.03169000    2
    3     10.00000000  122.04740100    2
   p    2
    1      0.76049000   -6.18852600    2
    2      1.42641500   51.04586800    2
   d    2
    1      0.78022600   20.53580400    2
    2      0.26007500   -0.13619600    2
   f    1
    1      0.97360800   -6.41422600    2
   g    1
    1      1.08819500   -6.65606400    2
   h    1
    1      1.00000000    0.00000000    2
  end
  NewECP Po
  N_core 78
  lmax  h
   s    3
    1      0.92238600   -4.15930400    2
    2      1.78191500   33.83035400    2
    3     10.00000000  146.33910100    2
   p    2
    1      0.72429100   -4.12531100    2
    2      1.36386000   35.00707800    2
   d    2
    1      0.47697900    1.20651800    2
    2      0.95395700   13.35612500    2
   f    1
    1      1.07545400   -6.77517400    2
   g    1
    1      1.12209600   -5.51544100    2
   h    1
    1      1.00000000    0.00000000    2
  end
  NewECP At
  N_core 78
  lmax  h
   s    3
    1      0.92238600   -5.52846100    2
    2      1.78191500   39.56886900    2
    3     10.00000000  170.71138600    2
   p    2
    1      0.72429100   -2.29538700    2
    2      1.36386000   25.49292000    2
   d    2
    1      0.63597200    4.86510700    2
    2      1.27194300   14.57941300    2
   f    1
    1      1.15410800   -6.85786700    2
   g    1
    1      1.34511500   -7.61303900    2
   h    1
    1      1.00000000    0.00000000    2
  end
  NewECP Rn
  N_core 78
  lmax  h
   s    3
    1      0.92238600   -5.01900500    2
    2      1.78191500   37.03679000    2
    3     10.80460100  195.10330800    2
   p    2
    1      0.72429100   -1.96648100    2
    2      1.36386000   23.46405900    2
   d    2
    1      0.76940000    7.48345700    2
    2      1.53880000    9.36190000    2
   f    1
    1      1.21389700   -6.76315000    2
   g    1
    1      1.57646900   -9.91566200    2
   h    1
    1      1.00000000    0.00000000    2
  end
end
