*
 1      0.437005811300     0.331985208300     -0.618820582500
           5 s
     30.187053361600      0.014955616564      0.005790386887
      4.484183719900      0.115433653369      0.020612398755
      1.017149897800      0.475871540056      0.000128874349
      0.292506396100      0.719510042587     -0.034728861430
      0.085516569400      0.492242803079     -1.120522102435
           1 p
      0.823105341300      1.000000000000      0.000000000000
*
*
 2      0.849020895253     -0.006555215256     0.044668648486
           5 s
     37.407790255038      0.033234409838     -0.000145966848
      5.631097491157      0.220244593226     -0.005575319816
      0.289260610029      0.665183275126     -0.000007656154
      0.239054773278      0.009628200995     -0.372560126258
      1.179398668787      0.659915492787      0.000033951763
           1 p
      0.253319815897      1.000000000000      0.000000000000
*
*
 3      0.827587137770     -0.932015945878     0.057226309161
           4 s
      0.483611559638     -0.174911769957     -0.198728642514
      0.227878842244      0.021185552219      0.183592375012
      0.071909811428      0.485219802366      0.003485594827
      0.029835851905      0.858993253525     -0.513407127742
           3 p
      0.978983037236      0.070755557066      0.022024117258
      0.220024498072      0.428661482973     -0.000334785334
      0.067994873031      0.877064002601     -0.389177607119
           1 d
      0.246162948264      1.000000000000      0.000000000000
*
*
 4      0.620712675103     0.385532667514     0.222348359180
           4 s
      1.172032660604     -0.210288522723     -0.023367838116
      0.255332962614      0.001951253729      0.078589421217
      0.177694935493      0.731516625695      0.004248675782
      0.051546187104      0.672469478995     -0.506297840267
           3 p
      1.552587194553      0.131562341601     -0.000788362733
      0.329500548743      0.542955543873     -0.000554956579
      0.073120836552      0.827430919037     -0.527326050057
           1 d
      0.390907294536      1.000000000000      0.000000000000
*
*
 5      0.974707141935     0.037092127305     -0.132616337526
           4 s
      1.715099367014     -0.313040688827      0.000267483422
      0.766796449122      0.263429630076      0.000095977632
      0.246707611058      0.683873757798      0.000103872187
      0.080269072920      0.561666626752     -0.319325151490
           4 p
      4.135454669549      0.070346243151      0.000055023310
      0.970175868232      0.327656952315      0.000578984658
      0.308952269967      0.604592824331      0.000019873840
      0.089297443522      0.724690786156     -0.417918567401
           2 d
      0.687554463904      0.450491211908      0.013895458799
      0.169792301118      0.970389558287     -0.412230142491
*
*
 6      1.016614719995     -0.021912036615     -0.006620337299
           4 s
      2.403206542776     -0.359908633302      0.000236020064
      1.451767650042      0.268504698844      0.000098062968
      0.434623171244      0.627586978154      0.000129799591
      0.134517401913      0.630701298826     -0.302470915158
           4 p
      8.462534133062      0.048293020975      0.000080859366
      2.132581579158      0.235531458661      0.000366096796
      0.618900759007      0.596617462688      0.000218583779
      0.167848897340      0.762123408055     -0.254983758740
           2 d
      0.963959802139      0.286592744755      0.014255915836
      0.207015493337      1.031346056786     -0.366854010754
*
*
 7      0.243864629456     0.030463664029     -0.006288912025
           4 s
      3.036701909330     -0.325548499037      0.000429388981
      1.611319265311      0.366392558336      0.000083905015
      0.448944993017      0.775520792960      0.000070805791
      0.124787911835      0.340678105401     -0.188871894052
           4 p
     10.426266046172      0.075862895651      0.000129897550
      2.498287089584      0.355070015636      0.000146987728
      0.698441816282      0.730636660215      0.000315844179
      0.181817288202      0.565664896564     -0.317640262125
           2 d
      1.066489622903      0.538621457273      0.005202819096
      0.250302346566      0.985953101359     -0.268791440173
*
*
 8      0.226950422253     -0.003796099261     -0.002449584353
           4 s
      3.783484208387     -0.378116051224      0.000324199735
      2.314027135016      0.421647627848      0.000050262996
      0.588051720335      0.755985524317      0.000103408657
      0.172832013967      0.303673403292     -0.128091617929
           4 p
     14.854333576852      0.076408225591      0.000186394246
      3.471959831154      0.358030013016      0.000512321676
      0.952154875635      0.723261203996      0.000268156904
      0.249969112883      0.584095529534     -0.268324616182
           2 d
      1.323359208622      0.574126988797      0.005570243978
      0.384961893208      0.843747349903     -0.029645759297
*
*
 9      0.132765705905     -0.031954505155     0.034115505078
           4 s
      7.942404151268     -0.229201279660      0.002283033500
      1.713247106887      0.445999200326      0.000010740947
      0.624952108630      0.793628332033      0.000072379039
      0.213807643975      0.281758320091     -0.124335177227
           4 p
     22.566282098626      0.071518786748      0.000176291169
      5.054842237285      0.329793417541      0.000224809371
      1.379148051764      0.691502161972      0.000296040809
      0.348755620100      0.650809095188     -0.203519129983
           2 d
      2.289952511822      0.258284056185      0.203659825727
      0.602348594220      0.993374020386      0.001968519945
*
*
10      0.035278857100     0.044924051760     -0.046168174640
           4 s
     10.241583038600     -0.198818580330      0.000574585051
      1.970388699600      0.517949977937      0.000012374167
      0.730279602800      0.791015956402      0.000040509286
      0.277741250100      0.257861880060     -0.095623727054
           4 p
     27.554979528000      0.068653730819      0.000155519066
      6.592690336500      0.320302039813      0.000394955349
      1.831565914000      0.670205307354      0.000279789433
      0.485163698600      0.665971556848     -0.137939270021
           2 d
      1.966716635800      0.192942220117      0.044333906912
      0.428524556600      0.981210120054     -0.030054199432
*
*
11      0.708438030839     -0.519383280046     -0.242597217559
           4 s
      1.986844676819      0.022882498285      0.000052776230
      0.560025957187     -0.255532691230      0.000024918471
      0.070961611538      0.417549573456      0.000124705223
      0.027035144173      0.922958524483     -0.743982285851
           3 p
      0.526106098318     -0.060092883703     -0.000021309183
      0.100429592618      0.313010100624      0.000737265980
      0.026232376684      0.916866465497     -0.719753705484
           1 d
      0.268732320325      1.000000000000      0.000000000000
*
*
12      1.601480331326     -0.070074279693     0.138102795355
           4 s
      1.878847009878      0.041367828149      0.000058990187
      0.784406491387     -0.290638671054     -0.002288173602
      0.128176844568      0.579195352254      0.002848434962
      0.046777547103      0.650074761888     -0.187200895481
           3 p
      0.810406441670     -0.020534454575     -0.035524017539
      0.167879417497      0.127662940675      0.262593184497
      0.049826409758      0.866032890017     -0.268906902483
           1 d
      0.271010511279      1.000000000000      0.000000000000
*
*
13      1.665940945471     0.217576387443     0.010035286295
           4 s
      3.242743303052      0.040197902404      0.001323671979
      1.090147782621     -0.320897812389     -0.000402261061
      0.183755272111      0.692900578073      0.000999510629
      0.064142515301      0.637589431728     -0.177298963131
           4 p
      1.002827336234     -0.108115683719      0.000211662838
      0.345608230139      0.309002201999      0.024488628884
      0.137869651188      0.577689733745      0.003794465000
      0.052382401107      0.723211828499     -0.266214510695
           2 d
      0.557696403989      0.248518477067      0.017823098169
      0.156013643855      0.923893421853     -0.207641229002
*
*
14      0.743483838506     0.077806410075     0.004563133075
           4 s
      4.001570598891      0.040559225625      0.000592069160
      1.385458417579     -0.296191218295     -0.000162739461
      0.256201351882      0.609837625509      0.000567455354
      0.080927498031      0.553049317916     -0.201479330272
           4 p
      1.200160477116     -0.114635010520     -0.000517879268
      0.501686296022      0.350790319854      0.008171036216
      0.192203641833      0.653463235815      0.001117686397
      0.070677584116      0.605302501037     -0.310521297101
           2 d
      1.085105446120      0.159241362081      0.100385326345
      0.293043618271      0.881679017413     -0.087758689261
*
*
15      0.253692437509     0.336623537701     0.044507178612
           4 s
      6.745517098698      0.030727040378      0.000578970569
      1.614363894553     -0.281535114374     -0.000061736753
      0.306870515443      0.746632974426      0.001232657685
      0.098429688872      0.425429979236     -0.088632859345
           4 p
      1.426191297486     -0.064011670531     -0.003808296830
      0.523505863528      0.541333058081      0.002224395680
      0.201375236638      0.796278509462      0.001651095794
      0.070034446846      0.392736055943     -0.389980636349
           2 d
      1.609826708743      0.265042545115      0.058510810954
      0.364036569455      1.163473225556     -0.051811412083
*
*
16      0.195331015596     0.217024104212     -0.011644093816
           4 s
      6.341395178767      0.048836019626      0.004893148717
      2.137652747689     -0.320788370233     -0.000491771584
      0.384502631058      0.756764330654      0.006770596266
      0.134883137157      0.423329160141     -0.051965537840
           4 p
      2.041753679583     -0.082596451933     -0.001146186777
      0.734457828060      0.430340858106      0.000963886937
      0.276670944847      0.768439849922      0.003593711315
      0.100422362816      0.379749733534     -0.283396713079
           2 d
      1.553241502730      0.267607858023      0.025658490557
      0.357543979526      0.967076209683     -0.035817617393
*
*
17      0.386192225686     -0.028003567717     -0.026342327381
           4 s
     14.408834007094      0.021027403962      0.000258581577
      2.300324183789     -0.327330690424     -0.000225482489
      0.509769060607      0.763337848363      0.047294589633
      0.178688687693      0.557321105324     -0.096704455780
           4 p
      3.213327485181     -0.070348294319     -0.000282855016
      0.849788643981      0.494429612302      0.001135837902
      0.324218541370      0.762772806623      0.002787997389
      0.119634592534      0.430222568763     -0.227973044037
           2 d
      2.098389532650      0.277285711531      0.068325114043
      0.481375794865      1.046032668212     -0.024300114217
*
*
18      0.365731118510     -0.082619311970     -0.147959373520
           4 s
     12.966456739660      0.019016755459      0.003325328943
      2.949865599160     -0.338658397403     -0.000253038216
      0.598035043568      0.780939245954      0.002522578224
      0.221636627787      0.516628406447     -0.026761664987
           4 p
      3.339271827308     -0.067798562889     -0.000955720448
      1.068788271521      0.491148152695      0.001107470204
      0.394968570790      0.781335181627      0.002124205843
      0.140458856061      0.401226598800     -0.182524553099
           2 d
      1.773440640573      0.311847637451      0.011737984337
      0.372428134411      0.938764944903     -0.012593330128
*
*
19      1.432226584613     -0.557251588272     -0.073178154011
           4 s
      0.810887825554      0.070967678362     -0.000809288545
      0.322525259480     -0.350596052536     -0.002400838452
      0.042933391144      0.416534285587     -0.002844686238
      0.020353621773      0.845394805363     -0.386659366591
           3 p
      0.187095812063     -0.049137099694     -0.101780041131
      0.104398206060      0.185704243497      0.011149500154
      0.024817638807      1.069909503642     -0.451873853996
           1 d
      0.379021020718      1.000000000000      0.000000000000
*
*
20      2.132163933128     -0.108172083047     0.259776589621
           4 s
      0.719502384448      0.261601715121      0.000043248165
      0.519175529757     -0.481978871956     -0.001823858303
      0.051669773421      0.848548913680      0.000996336837
      0.036808288222      0.046846217026     -0.122939694121
           3 p
      0.367544393504     -0.070222117074     -0.064358682694
      0.086505065900      0.462840398140      0.089793892806
      0.026083011494      1.128306645749     -0.337637205829
           1 d
      0.424660237924      1.000000000000      0.000000000000
*
*
21      0.700987924254     0.160869138616     1.404565785109
           4 s
      0.382360523961     -0.460708371591      0.000025833444
      0.094997979571      0.658559223116      0.000869716710
      0.043597710987      0.975865137519     -0.260407012487
      0.009301430769      0.005870356333     -0.000154697724
           2 p
      0.445166943259     -0.083518044081     -0.000135609996
      0.087801516924      0.706575167360     -0.138927105810
           4 d
     10.470857390538      0.078352587030      0.000063357933
      2.656405907776      0.350075217249      0.000775725390
      0.713400924359      0.683107379867      0.001118202288
      0.199727188218      0.669673105450     -0.014867822839
*
*
22      1.152534458260     -0.031617534727     0.442697170634
           4 s
      0.404309053785     -0.348217314447     -0.001196586527
      0.271174971229      0.005361165566      0.000229146579
      0.124926813696      0.444738299567      0.001269275589
      0.046807428243      0.809486506606     -0.237212048171
           2 p
      0.615178441763     -0.132542078324      0.005602422917
      0.101474404625      1.489253192028     -0.325830423074
           4 d
     12.575301904421      0.077009183062      0.000183873827
      3.208134669131      0.332457923241      0.000007529532
      0.931643660893      0.593547079722      0.000265077077
      0.255288167522      0.717627916760     -0.046435448544
*
*
23      1.263894752722     0.050676212329     -0.285854732278
           4 s
      0.433780567377     -0.362670897297     -0.000721521682
      0.210695791093      0.020230787670      0.000276679200
      0.116838332711      0.686954114538      0.001239625776
      0.032213117279      0.616378374833     -0.293110863777
           2 p
      0.670117854361     -0.094029645823      0.004514361358
      0.063621260521      1.057987449809     -0.424147705493
           4 d
     16.087427574919      0.079185346287      0.001267053853
      4.249919141306      0.350538074307      0.000613797833
      1.293567528164      0.652966223052      0.000653569465
      0.355758240107      0.685348516189     -0.011940835557
*
*
24      1.794718774691     0.367381866018     -0.362345561845
           4 s
      0.226872003216      0.134331971581      0.001432224725
      0.476039863373     -0.352566869139     -0.001405295791
      0.110634907319      0.508243086269      0.002299314587
      0.030767189327      0.743302171534     -0.282455626370
           2 p
      0.115021638430      0.227463644472      0.001892723608
      0.020791275957      0.892260698452     -0.351053528537
           4 d
     17.936841275192      0.086263355508      0.001001434766
      4.849752627745      0.367093121433      0.000100297271
      1.532350459186      0.663829617626      0.000506116872
      0.429100841811      0.667938991440     -0.001377630571
*
*
25      2.391027526437     -0.029656835530     0.028156041231
           4 s
      0.554116240971     -0.300691411482     -0.000102909252
      0.307103131784      0.000273759088      0.000135537753
      0.184341934225      0.339669089825      0.000441108677
      0.057801093837      0.849838912311     -0.201692622494
           2 p
      0.992284610407     -0.058712509893      0.081527188911
      0.063220089745      1.530290799747     -0.390198670933
           4 d
     22.314980427804      0.078250613939      0.000404152738
      5.935017818397      0.366057033095     -0.000491291487
      1.819683428525      0.689083489375      0.000057486964
      0.501935059465      0.674217716496     -0.001505080245
*
*
26      0.218680526972     -0.802794458733     0.080331696856
           4 s
      0.619741475585     -0.372650341911     -0.000000978377
      1.399589468335      0.004875769724     -0.000075386573
      0.064964990709      0.531676061722      0.000721008076
      0.121223847764      0.817666671103     -0.033746542217
           2 p
      1.483491066917     -0.062465396320      0.002691772818
      0.095326837075      1.137729605158     -0.737275467948
           4 d
     23.207965847380      0.083390068798      0.003901533121
      6.230472570755      0.375123442863      0.000427249722
      1.904911412720      0.672947603373      0.000709864855
      0.518213545410      0.665025973821     -0.074730037658
*
*
27      0.171988682332     0.580646112134     -0.203895406153
           4 s
      0.710150927318     -0.422271829979     -0.000301841441
      0.313332840460      0.001740175916      0.000238980184
      0.117010645169      1.409788127725      0.000914264683
      0.024137491923      0.250817697643     -0.286216085646
           2 p
      0.127104406892      0.402292407531      0.001737415147
      0.110580808704      1.343903696247     -0.658973230968
           4 d
     26.801622353274      0.084579066516      0.002851244199
      7.131428448832      0.383818983503      0.000226660044
      2.184121751250      0.687554548455      0.000191562680
      0.598738990866      0.637213013862     -0.044632074452
*
*
28      -0.419139106459     0.014103764618     -0.147135458890
           4 s
      0.779403891790     -0.238905237578     -0.000587844063
      0.071828948376      0.023158586722      0.000320272641
      0.091295860751      1.017835619974      0.001681485162
      0.021923099248      0.202600075310     -0.075553151997
           2 p
      0.114842666755      0.593398430619      0.018970883450
      0.050243789841      0.390201284083     -0.266499733430
           4 d
     27.130766654911      0.096963184368      0.003173867166
      7.287626354146      0.414163990628      0.011263139348
      2.189746282218      0.696053865974      0.000557369053
      0.569279205179      0.579405478695     -0.084613865060
*
*
29      0.408085238999     -0.128776576390     0.334115049686
           4 s
      0.781520627528     -0.319704417286     -0.000248687477
      0.255587716124      0.018778362659      0.000314370977
      0.135621907069      0.779830268126      0.001002636874
      0.040734227578      0.617186490124     -0.314497607809
           2 p
      1.116050225276     -0.039032054734      0.007416865767
      0.120793216165      0.918483407521     -0.459479291962
           4 d
     31.140002976620      0.088518894633      0.000518120663
      8.276905821418      0.392897107458     -0.000067873063
      2.482700299739      0.676276199802      0.000347257910
      0.639950837466      0.613378988442     -0.021802854724
*
*
30      0.958624797076     0.201797044955     -0.405813389835
           4 s
      1.816261857632      0.187041939391      0.001679048530
      1.276080973196     -0.368367616467     -0.001558188644
      0.357625259645      0.034044205010      0.006233126704
      0.104983867906      0.872308297354     -0.111011526117
           2 p
      1.452004855447     -0.039224787782      0.003359489575
      0.134092095999      0.921468104061     -0.350275098921
           2 d
      0.174417599045      0.109584011594      0.926402940794
      0.066102670644      0.927200164327     -0.452640235841
*
*
31      2.355851909200     -0.092756747400     0.120927858000
           4 s
      0.860991571100     -0.457654272115     -0.002515315345
      0.165368864700      0.244844702338      0.005638976856
      0.262774947500      0.622417515134      0.001683474819
      0.070264478600      0.585832805335     -0.102932055198
           4 p
      1.063762237000     -0.269320994898     -0.004657233809
      0.717573700900      0.266015547899      0.002537300570
      0.194059758000      0.416983905514      0.004702291437
      0.073242039800      0.826333076020     -0.206320185540
           2 d
      0.348543259100      0.020805995514      0.123741797475
      0.103332608600      0.999783531846     -0.141461113209
*
*
32      0.171179088500     0.024087063900     0.033477538100
           4 s
      0.952618854400     -0.435673400087     -0.003301733511
      0.287221432300      0.788564492667      0.005186585138
      0.023273208360      0.067918515007     -0.109196666118
      0.074919505000      0.428651145666      0.002623930850
           4 p
      1.247988132900     -0.329354321418     -0.002534399513
      0.783191484500      0.312401227884      0.003080511781
      0.221360499200      0.750477426177      0.004976815859
      0.074948500900      0.480327842809     -0.272530642996
           2 d
      0.385285339700      0.453789838085      0.051653407323
      0.130814409700      0.891108737950     -0.625942088210
*
*
33      -0.017417383505     0.408147589570     0.195204733332
           4 s
      1.355536918544      0.122223318652      0.009569097602
      1.339229455626      0.141590267315     -0.001118723587
      0.231036306717      0.053498192565     -0.004500919584
      0.222769933553     -0.972501630667     -0.035542122667
           4 p
      1.433699989922     -0.297059705565      0.001661834967
      0.679285216179      0.400518261613      0.006756655885
      0.220706501456      0.893390359288      0.005649038724
      0.070959262708      0.394912775629     -0.336299309137
           2 d
      0.292951433876      1.093141844888      0.255692910099
      0.102487488450      0.524216270212     -0.505659706563
*
*
34      0.128528365320     0.254852552652     -0.022145099112
           4 s
      1.110695091159     -0.568220181713     -0.001303762075
      0.540519594984      0.693836071956      0.016405051092
      0.189799569120      0.395067640942      0.003035319634
      0.093867057816      0.161241725958     -0.065729201346
           4 p
      1.344042164244     -0.413740459564     -0.002286011398
      0.997046773404      0.468363122131      0.003812772968
      0.285121841619      0.696846204630      0.002627782721
      0.100988073091      0.371183523156     -0.273569519518
           2 d
      0.318759764625      0.952737715815      0.030816418060
      0.123712744460      0.233450271258     -0.063326181943
*
*
35      0.140297411635     0.065997807071     0.221265511649
           4 s
      4.075628801803      0.178690953278      0.004969982058
      2.482832455991     -0.458742301035     -0.001325499634
      0.367285805907      0.749770326533      0.001049329320
      0.127160947273      0.290416463909     -0.035266704800
           4 p
      1.869763319724     -0.249132387808     -0.001864516117
      0.933208532331      0.344120894169      0.005308992343
      0.325249605230      0.782699061190      0.004169878669
      0.114382152041      0.479998959237     -0.211477998582
           2 d
      0.444376106860      0.760350947874      0.084350112210
      0.172148765172      0.646804616426     -0.209101163431
*
*
36      0.378637437169     -0.066848811436     0.277511469409
           4 s
      1.558644141642     -0.442976571084     -0.000713103939
      0.525430167536      0.797850587467      0.006019618982
      0.174761255585      0.312387949689      0.002229718393
      0.080015588014      0.037560763576     -0.000480426858
           4 p
      2.365779640980     -0.179306007006     -0.001984323693
      0.757586844386      0.491519867270      0.006459147059
      0.297659744157      0.755426896516      0.003535986067
      0.115027844456      0.366962085590     -0.155891595754
           2 d
      0.538121147172      0.517151235212      0.013093085690
      0.189494522095      0.888362218990     -0.010704237597
*
*
37      1.242152741780     -0.720876192629     0.081051712904
           4 s
      0.548413505436      0.264993845805      0.002132811945
      0.343011884031     -0.542799245764     -0.008643249908
      0.035770178930      0.453348930954      0.003670828846
      0.019364337401      0.681216697308     -0.344071439798
           3 p
      0.172100939212     -0.133159024941      0.000632176913
      0.082104585014      0.120417426455      0.001223013120
      0.022207181981      0.981508739095     -0.359878875140
           1 d
      0.179203700511      1.000000000000      0.000000000000
*
*
38      1.598359100509     0.084313994664     0.689853159238
           4 s
      0.641341413137      0.253745957513      0.000802656913
      0.395649206365     -0.585665326368      0.000074714323
      0.054627187909      0.747354764000      0.000642312422
      0.025763729601      0.412009120238     -0.192824125653
           3 p
      0.199056529314     -0.228013943774     -0.055526621396
      0.098764715209      0.422945267182      0.000536330496
      0.027205854093      0.988163150054     -0.313389028524
           1 d
      0.283640964447      1.000000000000      0.000000000000
*
*
39      6.068758762913     0.141379587509     1.426938909038
           4 s
      0.228057547385     -0.600502929846     -0.003399100250
      0.139498521878      0.597357795056      0.000457982172
      0.045781719833      0.047263183233      0.000061004510
      0.037948949679      0.602824108088     -0.055335656576
           2 p
      0.338124609347     -0.160838230404      0.000391988105
      0.076330544973      0.992355953844     -0.069144478796
           4 d
     10.706415117534     -0.006305176299     -0.000011847643
      1.026717772917      0.291258298087      0.000193762972
      0.339610758316      0.627035080564      0.005709712813
      0.110478019326      0.724615386455     -0.032445686946
*
*
40      1.177775952535     -0.022378704606     0.011170909529
           4 s
      0.254070051258     -0.500616125174     -0.000874925022
      0.052878330805      0.065720209124      0.014781179165
      0.142730345041      0.539796180147      0.001738954662
      0.037264337258      0.573929068326     -0.221727803479
           2 p
      0.411420979545     -0.077188753042      0.002895832922
      0.077427123684      1.040482995760     -0.318116177392
           4 d
      1.157638215681     -0.013286497799     -0.000406631431
      1.143506967950      0.358746843204      0.000452053927
      0.394044505892      0.692842558926      0.000622045488
      0.127221087224      0.611278436621     -0.083927213075
*
*
41      3.622465472491     -0.021090062512     0.132249272065
           4 s
      0.322999428810     -0.439899314109     -0.000882313021
      0.034054507659      0.041602493586      0.009580113673
      0.125230160844      0.602772138556      0.000418264138
      0.043193108709      0.593134894124     -0.109288102102
           2 p
      0.436114136167     -0.097550485212      0.000662118854
      0.088329193395      1.011666531777     -0.106690724158
           4 d
     11.819017933915     -0.011359460359      0.000056434208
      1.381102615278      0.369066732673      0.000246224284
      0.492583945483      0.752834793161      0.000210488633
      0.161859540423      0.537248750358     -0.009452611815
*
*
42      0.763792121352     0.763993738441     0.022155727642
           4 s
      0.354668195175     -0.426352668655     -0.000226165333
      0.115770628106      0.779846412112      0.000228872812
      0.042858965317     -0.016306101502      0.000248493293
      0.032345663019      0.470342065998     -0.331137147138
           2 p
      0.503080705442     -0.135999550259     -0.010581231665
      0.102301049893      0.981345998521     -0.351323052410
           4 d
     14.201344077694     -0.010092100787     -0.000444631123
      1.599112282209      0.371642652299      0.000707628438
      0.592739052347      0.747909592420      0.001316609144
      0.196496561967      0.547919677780     -0.009167137667
*
*
43      4.740244091930     -0.097266946690     0.048232087287
           4 s
      0.411824979213     -0.435232440542     -0.000478663248
      0.169654282335      0.410483833599     -0.000025587099
      0.837211832727      0.025155124889      0.000116415392
      0.056838367880      0.797975481336     -0.095278825333
           2 p
      0.457534271144     -0.188406023250     -0.000965269063
      0.143794587181      0.948530872523     -0.090280733586
           4 d
     19.123736078614     -0.007604343368     -0.000136240140
      1.789833088406      0.384195541147      0.000382427819
      0.677205043260      0.758048974324      0.000428471555
      0.225224275438      0.549738700801     -0.002909349768
*
*
44      1.222119214890     0.128544489682     -0.057512365268
           4 s
      0.475952949303     -0.338911966720     -0.000231296709
      0.093974561964      0.855414291234     -0.000035788604
      0.090805975878      0.025049559957      0.000090743911
      0.032173086614      0.447517756449     -0.246798123975
           2 p
      0.601610812074     -0.092278217694     -0.025423550827
      0.108278454012      0.974879126388     -0.196157386501
           4 d
     17.724072088063     -0.010750958845     -0.000091613099
      1.931966216208      0.407246736376      0.002166889388
      0.729802293556      0.733400190733      0.009506323531
      0.240312768105      0.515971216074     -0.007954350317
*
*
45      1.765412827442     0.371975479062     0.143308595401
           4 s
      0.464819889439     -0.637121959266     -0.000273192145
      0.164433770704      0.829868769535      0.000025608763
      0.100904129162      0.083936465150      0.000094013578
      0.047463719565      1.164924815513     -0.354616108852
           2 p
      0.602823706696     -0.200812109113     -0.004039498644
      0.109238006563      2.220774365314     -0.430805351365
           4 d
     23.138661785208     -0.007894526515     -0.000025079873
      2.272566213961      0.317371500187      0.000167185628
      0.901383961426      0.657166120371      0.000142678129
      0.298824161569      0.487362199759     -0.001696498172
*
*
46      -0.928374435559     0.113566680542     0.153888396038
           4 s
      0.482733435659     -0.390870241541     -0.000208074103
      0.199227919844      0.193002267780      0.000024522289
      0.085665714157      0.875802405538      0.000116020300
      0.023722167335      0.133029875478     -0.073291138810
           2 p
      0.675119979926     -0.125788067670     -0.004656888881
      0.090681287887      0.970339717776     -0.092458095474
           4 d
     21.570970292885     -0.010560064893     -0.000120399596
      2.245807205928      0.467588248014      0.006274234571
      0.838566977733      0.771282730775      0.001436241599
      0.257251074051      0.428061743058     -0.124841480940
*
*
47      2.180234963609     -0.042087793835     0.073524641737
           4 s
      0.529928366754     -0.365868757633     -0.000550484418
      0.138422561742      0.631557601311      0.000032652713
      0.052832951127      0.133352153571      0.000147559404
      0.041134751203      0.659323490754     -0.248663991173
           2 p
      0.787624914478     -0.087362736951     -0.002986150194
      0.103778104970      1.016047402792     -0.168169266660
           4 d
     20.431377292361     -0.013142132788     -0.000084084432
      2.473272722244      0.451767547074      0.001026769784
      0.955388084331      0.747142601991      0.000712883671
      0.306153222354      0.485873089872     -0.002446667105
*
*
48      3.336681228663     0.315715518978     0.216946844189
           4 s
      0.457207759759     -0.508618863835     -0.000318347446
      0.102435643093      0.027944837296      0.001525577299
      0.215762471202      0.644483730902      0.004595787777
      0.057972409558      0.574688696395     -0.098420484751
           2 p
      0.095398066347      0.508151439015      0.003062593900
      0.037173354603      0.855920293252     -0.267705501030
           2 d
      0.097948838363      0.063311270651      0.203151602700
      0.047243138759      1.023174647824     -0.346181664457
*
*
49      1.948557430363     0.047707455548     -0.022966361296
           4 s
      0.520634207891     -0.441932050686     -0.003809233140
      0.319616240584      0.186335571860      0.006893515557
      0.169439227235      0.514887270755      0.003998973004
      0.054154215416      0.381621334768     -0.118054706351
           4 p
      1.434291894766      0.234796471671      0.006071567937
      1.184085429231     -0.357003948803     -0.007260861733
      0.198690934063      0.394961320784      0.002958771222
      0.062976917781      0.765565511942     -0.218314871294
           2 d
      0.105046978925      0.292003140802      0.169475928607
      0.076152395899      0.986851365198     -0.389317206649
*
*
50      0.765689789998     -0.024321623755     0.022761724739
           4 s
      0.634748186800     -0.547799833332     -0.003520996972
      0.402185199546      0.208546838242      0.007270762475
      0.201172161989      0.707570553870      0.003529243837
      0.054913352585      0.359558812782     -0.098635394102
           4 p
      1.029879803862     -0.199098544386     -0.002409005657
      0.234365817247      0.779034547330      0.006521349131
      0.083964281013      0.537918078228      0.003122457122
      0.052655419447      0.337150456137     -0.281832215953
           2 d
      0.195862055017      0.563924469634      0.085869726448
      0.096024048479      0.817864095659     -0.429918350340
*
*
51      0.529881488297     0.475662294229     0.079510261017
           4 s
      0.588623084675     -0.719033001707     -0.003500373072
      0.362795381781      0.353346620540      0.004623297608
      0.366614719335      0.485561419266      0.004676683545
      0.096054466731      0.370234106696      0.002036900701
           4 p
      0.765700233873     -0.420462054632     -0.005851970583
      0.439431720303      0.522340780652      0.005605347180
      0.153128431314      0.672428510316      0.005685226647
      0.052201520981      0.303120096005     -0.213180777522
           2 d
      0.189750250411      0.938176056653      0.050531485685
      0.183577052216      0.127079370079     -0.048574539042
*
*
52      0.240988379479     0.281748882154     -0.041639194774
           4 s
      0.799656035738     -0.562381751830     -0.001004624757
      0.454763781620      0.128366374543      0.023231285306
      0.324240760616      0.692176197760      0.001055398278
      0.105790521897      0.424087313102     -0.042114294253
           4 p
      0.809020757214     -0.487457305697     -0.003471681560
      0.503551344010      0.582472225729      0.007091494439
      0.175067269874      0.612749575929      0.003289346908
      0.066196153055      0.244912513937     -0.230988177871
           2 d
      0.187808183780      0.965903445381      0.095756709756
      0.028427868921      0.282719526783     -0.342144361451
*
*
53      0.457394501923     -0.044316507793     0.049615625740
           4 s
      2.539748656860      0.298976894297      0.003042907200
      1.648499440334     -0.631766591573     -0.001313337590
      0.303299221548      0.613780830779      0.017960357798
      0.121657635837      0.364195235698     -0.039182467991
           4 p
      0.915471660957     -0.555552427164     -0.001797650554
      0.685667913333      0.608450830470      0.006745925958
      0.212021157855      0.504677666136      0.004156227697
      0.084649382212      0.270872982417     -0.125255194554
           2 d
      0.256213273661      0.884424229129      0.056844939383
      0.165690818410      0.499169916911     -0.077470420313
*
*
54      0.352214369900     0.142681745600     0.172017215700
           4 s
      0.884582750100     -0.593682001473     -0.000580598410
      0.429399585500      0.633866469523      0.002164998989
      0.210187016700      0.485613134343      0.002386811645
      0.084426833800      0.099673786405     -0.039736872381
           4 p
      0.955338484500     -0.623963006824     -0.002499277223
      0.792794507000      0.676506075492      0.005336180642
      0.234748385000      0.349531410510      0.004667376635
      0.098258971500      0.175606061983     -0.109777679967
           2 d
      0.248954215200      0.767823518502      0.106472900432
      0.069005311200      0.640661411695     -0.336671465523
*
*
55      1.900932134900     -0.843602719100     0.127224859200
           4 s
      0.348886016700      0.544206423491      0.005512937617
      0.291984597000     -0.710074497630     -0.004273713536
      0.023505650500      0.379410965627      0.005096179681
      0.021227823900      0.235967997001     -0.137448103220
           3 p
      0.121114670300     -0.226889678150     -0.030773119371
      0.090376832900      0.186062067132      0.001337331733
      0.021432291300      0.955982207535     -0.201356959934
           1 d
      0.071371286820      1.000000000000      0.000000000000
*
*
56      1.961782257871     -0.120139790010     0.219867668369
           4 s
      0.411348556512      0.467970445835      0.002438895435
      0.339130280962     -0.647431081787      0.000680417368
      0.035056206115      0.557129817837      0.001616304330
      0.025155131224      0.054890656106     -0.115737925815
           3 p
      0.129169933859     -0.474004131988     -0.069769471102
      0.102460964711      0.596746389149      0.000278756455
      0.025963780812      0.636983839790     -0.183600350465
           1 d
      0.191944631434      1.000000000000      0.000000000000
*
*
57      3.555586599675     -0.019134887508     0.840015873005
           4 s
      0.510447541004      0.064302591551      0.001396640210
      0.232568991657     -0.491500908436     -0.002618506130
      0.093461369063      0.331993135204      0.000079882193
      0.036881509530      0.856593502439     -0.129415356603
           2 p
      0.185878523485     -0.321116543383      0.000453599477
      0.065415528843      1.067149814179     -0.133971726522
           4 d
      3.457127555562     -0.013402287865     -0.000062591581
      0.429709520935      0.523458763373      0.000257271057
      0.174798868880      0.577959581714      0.000410857571
      0.069780167371      0.616473111203     -0.072274766445
*
*
72      1.089666132786     -0.032868279476     0.680558713181
           4 s
      0.724514793619      0.111036153423      0.000003659173
      0.433429726025     -0.476680951468     -0.000121207808
      0.112921100437      0.587294497115      0.000009332485
      0.037983414036      0.606186018445     -0.140908018124
           2 p
      0.462647522128     -0.106427958814     -0.000040844592
      0.083340618281      0.994856034706     -0.183455525999
           4 d
      7.192840361706     -0.010849112310     -0.000296179134
      0.895852760330      0.418725227695      0.001270744097
      0.308172842792      0.707051960969      0.001951874436
      0.097876721645      0.576687757155     -0.093487256244
*
*
73      1.540316757192     0.102410427858     0.032829243463
           4 s
      0.491688555314     -0.932079689351     -0.000145556277
      0.544421204664      0.672643609404      0.000024387159
      0.145856926284      0.391226194425      0.000214387990
      0.039254018382      0.292041738482     -0.089301754249
           2 p
      0.416518710018     -0.245172519692     -0.004512793683
      0.103483422093      0.922659350510      0.000385148287
           4 d
      6.748241543501     -0.020814572663     -0.000252409358
      0.962005182672      0.606393537260      0.009164536044
      0.338464077394      0.901502703213      0.026172414098
      0.109300172147      0.632308761613     -0.095986091881
*
*
74      2.035277439148     -0.040781010684     -0.142614602988
           4 s
      0.364746405553     -0.580771286364     -0.000104065756
      0.199690056894      0.309293136255      0.000037416728
      0.135478697775      0.530489031655     -0.000020053802
      0.039140964524      0.613487634875     -0.148717650260
           2 p
      0.530073393259     -0.101287779214     -0.015726252662
      0.102967904348      0.772288831649     -0.086721763642
           4 d
      7.461981275553     -0.016446621035     -0.000176246352
      1.067419265643      0.509630670704      0.000363398322
      0.405361467941      0.741493172237      0.001378101677
      0.142448059195      0.467635199519     -0.023704797312
*
*
75      2.519226363264     -0.082607191625     0.026928192249
           4 s
      0.426290755363     -0.453711962286     -0.000508838993
      0.144489428907      0.695957542519      0.000035122762
      0.050945459317      0.154833390229      0.000405177091
      0.052588323052      0.459940498252     -0.124304048219
           2 p
      0.529246054286     -0.131051939003     -0.000933033042
      0.108334047068      1.003329778667     -0.172174270422
           4 d
      7.123824932354     -0.022458129933     -0.000038519133
      1.175104961996      0.516595198394      0.000319729351
      0.465541980220      0.715488663804      0.005604773428
      0.165173635334      0.469090058861     -0.017568486171
*
*
76      0.243174208951     0.034212806003     -0.019349825411
           4 s
      0.439894413539     -0.457719378175     -0.000144720232
      0.146349067967      0.812256671705      0.000044447073
      0.056562029830      0.302011518073      0.000419404741
      0.021358048891      0.172727560317     -0.253533999070
           2 p
      0.581303228620     -0.177469833717     -0.003722342256
      0.113364293246      1.013201087774     -0.466734604447
           4 d
      7.124162412998     -0.026274386025     -0.000116047803
      1.226564310695      0.569871062528      0.000967586971
      0.465273805235      0.738786639428      0.000143515090
      0.159391248677      0.401922025079     -0.112398352903
*
*
77      1.916525663611     -0.042650018111     0.095232498963
           4 s
      0.452586635668     -0.560838775385     -0.000305956347
      0.230872947104      0.553740718971      0.000102242320
      0.095643290078      0.383530013731      0.000231810995
      0.048719874387      0.470888580960     -0.148974151223
           2 p
      0.570096493393     -0.171349524770      0.001087080049
      0.123672801460      0.986135680168     -0.110813383660
           4 d
      8.960840082824     -0.017566184862     -0.000217233704
      1.248790077019      0.618187650703      0.000734887683
      0.453015919045      0.712776530270      0.000757947190
      0.151069752913      0.311859710929     -0.025937506430
*
*
78      0.108539024414     0.169288016295     0.604272205674
           4 s
      0.516588549664     -0.401885069658     -0.000493887817
      0.126319629855      0.879181406320      0.000044959515
      0.154350538167      0.036312090280      0.000094435555
      0.033427992396      0.334911142960     -0.216440240951
           2 p
      0.669829462066     -0.143014015963     -0.002902695924
      0.096454257547      1.026522451058     -0.239906303883
           4 d
      8.789126032648     -0.022365811415     -0.000115619650
      1.358170042681      0.613460519852      0.002936830491
      0.512240862024      0.696894267082      0.000738373431
      0.167953114938      0.340698881540     -0.059591024589
*
*
79      0.862807709357     -0.217274868864     0.106924358396
           4 s
      0.477643759529     -0.515926680733     -0.000597493527
      0.204863835498      0.691151825687      0.000037553370
      0.096300536632      0.091211051857      0.000244069570
      0.052053997095      0.496062051007     -0.192976193953
           2 p
      0.689054777792     -0.143369349892     -0.004815588096
      0.113787074292      0.986222075767     -0.246115233803
           4 d
      9.149086219652     -0.023473658986     -0.000101659318
      1.445217477263      0.633595107351      0.000701166833
      0.562445713004      0.678037756992      0.001413447790
      0.198449186775      0.362463006828     -0.041728714997
*
*
80      1.779882761352     -0.078287964030     0.427651036706
           4 s
      0.474833146324     -0.558960659734     -0.001372042936
      1.010267655578      0.014358339671      0.014560780635
      0.251059805596      0.605256350131      0.007566667048
      0.068345270225      0.545974303842     -0.144342058783
           2 p
      0.718865803192     -0.114033207700      0.004826658676
      0.114766392863      0.961196965824     -0.184154603847
           2 d
      0.065791421595      0.426047332366      0.013846870710
      0.035222071474      0.880403792646     -0.025125153369
*
*
81      0.788849212619     -0.057361586985     0.142474345744
           4 s
      0.400537835179     -0.628175766209     -0.004378546735
      0.295115477185      0.050312221286      0.003106989224
      0.238046181118      0.756508617307      0.005370896220
      0.054988365179      0.207907146926     -0.060304865802
           4 p
      1.187450524019      0.467790695749      0.004433707192
      1.073445787348     -0.585114587054     -0.006295063533
      0.176860212257      0.418715877657      0.009333725757
      0.058889585056      0.567188034190     -0.271819446644
           2 d
      0.663831903366      0.005254774451      0.064480052066
      0.090849096761      0.994698052042     -0.036441022525
*
*
82      0.555218120834     -0.037538364513     0.049305143228
           4 s
      0.596124673518     -0.556817335670     -0.003721149107
      0.375495929469      0.168233923112      0.003899909211
      0.223525467125      0.750781718675      0.006672430688
      0.064546293775      0.306232481384     -0.063319572726
           4 p
      0.532767222561     -0.433368142117     -0.002795646807
      0.267086025369      0.715334495397      0.007606989393
      0.078799266423      0.486027053056      0.006473195225
      0.058184409798      0.222018953420     -0.274830330869
           2 d
      0.230184776462      0.029312310319      0.310813163602
      0.092183490038      1.017738257349     -0.053593231201
*
*
83      0.772656821916     0.277986461722     0.043862299084
           4 s
      0.866332590571     -0.416730738692     -0.002205457037
      0.401909906829      0.155073788693      0.002823814111
      0.195677595218      0.888441338580      0.001579969789
      0.062128757674      0.220501686145     -0.028846490167
           4 p
      0.653801970900     -0.396874162948     -0.001937333175
      0.318820143943      0.575271645980      0.002450286634
      0.147985516875      0.458788027005      0.002200053230
      0.062247321847      0.550451470787     -0.279263488657
           2 d
      0.109478278389      0.126798687992      0.099904922982
      0.110990799135      0.995207584982     -0.047685608627
*
*
84      0.355923745022     0.575215519852     0.014958476223
           4 s
      0.648393762285     -0.649941834895     -0.000903119395
      0.585300316302      0.115055205187      0.002779674199
      0.370463199590      0.708203844360      0.002399895039
      0.104393011288      0.239174958509     -0.044784164282
           4 p
      0.751171736245     -0.342327810538     -0.001005398657
      0.294423479099      0.770055590696      0.003053363899
      0.134863049801      0.341248784692      0.002566956220
      0.076589185879      0.403089175737     -0.298212037960
           2 d
      0.160404146887      0.918564086761      0.237729507171
      0.037826241386      0.446412133400     -0.464228660075
*
*
85      0.314652542130     -0.038507521386     -0.049886157694
           4 s
      0.697731312967     -0.479933524632     -0.001093763047
      0.505536138465      0.081000159633      0.001540267710
      0.410489983452      0.492081598036      0.001681367488
      0.130144901699      0.245397271651     -0.020966031885
           4 p
      0.948554952553     -0.290932637376     -0.001827879910
      0.326876027982      0.778319397084      0.010747358468
      0.141714404391      0.706615642569      0.002837910377
      0.076012173239      0.335503132339     -0.151991649470
           2 d
      0.180642786046      0.319719850478      0.057876843911
      0.161202104918      0.920810494823     -0.050437177800
*
*
86      0.695274628534     0.394208421022     0.251499789556
           4 s
      0.884470285879     -0.362181131106     -0.001842370036
      0.289158215874      0.706472291914      0.001419405129
      0.251356999318      0.081213338173      0.001134967751
      0.045166012970      0.059480282618     -0.039730998132
           4 p
      0.949409144847     -0.381004841482     -0.006628091651
      0.477802585211      0.563230317451      0.000544465896
      0.203857776873      1.093861638005      0.029738137174
      0.080527466065      0.389336117786     -0.174820898310
           2 d
      0.231967256811     -0.014025675720      0.290686556536
      0.082192037922      1.046981009423     -0.731588775543
*
